5

100
29 16 -1540 -1540
64 11 5883 4343
78 20 -7826 -3483
62 17 5199 1716
24 11 -7546 -5830
69 20 =Q30+L65-U79-U79-R63-Q30+L65-Q30+R63+R63 28327
23 11 =L65+Q30-L25+L25-Q30-L65+L25-R63-L65-R63 4500
14 18 =L65-R63-Q30+L65-U79+U79+R63-U79-U79-L65 27575
69 22 =L65+Q30+L65-U79-L25+U79-L25+Q30-R63-L25 53700
27 3 =Q30-L65-L65+U79+R63-Q30-U79+Q30+R63-R63 45593
80 17 =U70-D28+S15+D28+W70-W70-S15+L24-D28-L24 87857
76 20 =L24+W70-D28-L24-U70+S15+L24-U70+D28-U70 10759
37 19 =D28+U70+S15-L24-W70+W70-L24-S15+U70-S15 95545
17 13 =D28+D28-D28+D28+U70+L24-U70+S15+U70+D28 104629
84 5 =U70+S15+W70+W70-W70+L24+L24-L24-U70-W70 103877
35 7 =F85+R81+T38+N18-U77-N18+T38+T38+T38-F85 562383
72 22 =R81+F85+F85+T38+F85+U77+U77-U77-R81+U77 490717
21 3 =T38+T38+T38-F85+U77+T38+F85+U77+N18+T38 769535
45 2 =T38+N18+N18+T38-T38-F85+N18-R81-F85-F85 841565
61 14 =U77-N18+F85-T38+F85+T38+F85-N18-U77-R81 778877
93 22 =O62-H36-O62+H36-W73-D22-H36+W73-C46+D22 248341
72 6 =W73+H36+C46-D22-C46+D22+H36-C46-H36+W73 491485
53 15 =D22+O62+C46+C46-W73+H36-W73+C46-D22+W73 1175059
68 3 =O62-C46-O62+W73+O62+C46-W73-C46-W73-W73 1183673
69 1 =O62-O62-O62-W73-C46-D22-O62-H36-O62+C46 706079
97 14 =W94+B70+B70+B70+B70-P54-W94-W94-D69-P54 -2049523
30 17 =G73-D69-B70+G73+W94-D69-G73+D69+W94-G73 -2641615
10 0 =B70+D69+G73+D69-P54+G73+B70+W94+D69-B70 -3821189
4 17 =W94+B70-W94-P54+D69-W94+P54-G73-D69-D69 -4020005
96 16 =P54+D69+P54+G73+W94+D69-W94+P54-W94-G73 -1421519
37 24 =Q97-R5+A11-Q97-R5+Q97+Q97-R31-R5-R5 3983235
29 14 =Q97+Q97-R31+A11+A11+R5-R5-R31+R5-O98 10562029
43 25 =Q97+R5+R31+R5+Q97-O98+O98-A11-R5+O98 13392065
96 7 =R5-R31+R31+R31+Q97+R31+Q97+Q97-A11+O98 18228495
98 17 =Q97+R31-A11-Q97-R31+Q97-R5+Q97+Q97+A11 26222769
24 20 =Y38-Z44-O30-Z44-Z44+Y38-O30-R99+H97+Y38 17631491
51 5 =Y38-Z44-Y38-R99+Y38-Y38-Y38-H97+R99+H97 9396701
35 9 =R99+H97+O30-Y38-R99-R99+O30+Z44+Y38-Y38 16821727
43 22 =R99-Z44+Y38+H97-O30+Z44-Z44-Z44+Z44+R99 33642629
94 7 =Z44-R99+Z44-R99+O30+O30-R99+Z44+H97-Z44 33313897
96 11 =U25-H95-W44-J36+H95+W44-F52-H95+H95+J36 32957409
0 12 =F52+U25+W44-J36+U25-J36+F52-U25+U25+H95 947391
37 20 =H95+H95-J36-U25+J36+H95-W44+H95+F52+F52 -25066741
43 23 =U25-J36+W44-F52+W44+J36-H95+F52+F52-U25 669005
72 11 =U25+W44+F52+F52-H95+W44+W44+W44+U25-H95 34957941
82 25 =M1+L97+L73-L97-X44-L97-U38+L73+M1+U38 14136519
36 0 =L97-L97+M1+U38-L73-X44-L97-U38+L97-U38 48115958
98 22 =L97+L73-L97+U38+L73-X44-L73+L73+U38+U38 12915688
65 17 =X44-L73-M1-L97-X44+L97-U38+M1-X44-L97 -20738374
10 4 =L97-X44+L73-L97+U38+U38-L73+U38-U38+M1 -30512395
47 25 =Z83+W99+A37+Z83-Z83-R66+W99-E11-W99+A37 24852874
32 25 =E11+W99+R66-R66+W99-Z83-Z83+W99-R66-W99 19975219
37 23 =W99-A37+R66+A37+Z83+A37+R66-R66+Z83-E11 -46768497
2 12 =A37-A37-Z83+R66+E11+Z83+R66-E11-Z83+Z83 -14076614
84 8 =R66-W99-A37+Z83-R66-A37+E11-Z83-E11-Z83 -26013800
8 23 =I85-Z33-X38+X38+M3+X38-Z33-M3-M3+M3 5060615
45 15 =I85-X38+Z33+Z48+X38+Z33+Z48+I85-M3-M3 16777705
7 3 =I85-Z48+X38+Z48-M3-Z33-M3-I85+Z48-I85 -43169667
26 17 =I85+I85+Z48-M3-X38+M3+X38-I85+X38+Z48 -11120031
26 20 =Z48+M3-Z33-Z48-M3+Z33-Z48+M3-I85+I85 -33793417
45 10 =D8+P46+D8-D8-P46+U27-D8-D8+D8-R27 11483568
56 13 =X9-R27+U27+P46-R27-X9+X9+D8+X9+P46 -49653452
75 14 =R27-P46+P46+P46+U27-U27-X9+P46-X9-D8 -96371101
46 6 =R27+U27+D8+D8+U27+X9+D8+D8+U27-U27 -18383289
36 14 =D8+X9+X9-R27-R27-X9+U27+U27+X9+U27 -48301254
54 14 =G47+K46-N57+O76-O37+O76-K46+G47-O37+O76 -11505634
33 15 =G47+G47-N57+N57-K46+O76-O37-G47-N57+K46 -89180500
60 10 =K46+K46-O37+K46-O37-N57+K46+K46-O37-G47 -89892493
80 16 =O37-G47-O76+O76+K46-G47+O37-G47-O76-G47 -69685016
57 22 =K46+O37+K46-N57+K46-K46+N57-O76+N57-N57 -62331369
82 2 =P34+Q81-O55-Q81-Q81+W58-W58+W58+W58-O55 -19097644
11 8 =K61-Q81-P34+P34+P34-W58-O55+P34-K61-O55 -75599726
49 2 =K61-K61+P34-W58-Q81+K61-P34+O55-K61+W58 -59011583
8 6 =O55+Q81+O55+O55-W58+P34+O55-Q81-Q81-P34 -39390234
55 20 =K61+Q81+P34-K61+Q81-W58-P34+O55-K61-P34 -91146462
39 20 =G9-I12+C83+C83+I12+C50+U56-I12-I12-C83 -50455316
69 17 =C50+I12-U56+C50-C50-C83+U56-C83-I12+U56 -72090844
81 2 =C83+G9-C50+U56+G9+I12-U56+I12-I12+C50 -46116503
57 4 =C83+C83-G9-U56-C83-U56+U56-C50+C50-C83 -13981624
36 6 =C83+G9-I12-U56-C50+C83-C83+C50+I12+U56 -51126557
57 11 =R70-R70+E58+G37-E58+C82+R70+E58+G37-C82 -14917065
92 20 =G37-U40-U40+G37+U40-U40+R70-G37-G37-G37 19210055
34 12 =R70-C82-E58-G37-G37+R70-E58+R70+G37-R70 22839840
56 10 =G37-E58+G37+E58-E58-U40+U40-R70-R70-G37 -3168916
76 21 =R70+E58-U40+R70+C82-G37+R70-E58-U40-U40 -27029657
25 20 =V77+M35-U93+K57+K57+K57-L58+M35-L58-M35 -31832971
59 24 =L58-K57-K57-U93-V77+U93-M35-L58+M35+L58 -19745233
17 3 =U93-U93+M35-K57+V77-M35+L58+V77-L58+K57 32533292
38 10 =M35+K57-U93-K57-L58+V77+U93+U93+K57-M35 -19418577
27 17 =M35+L58+L58-K57+V77-K57-L58-U93-U93-V77 4183972
37 4 =R28-K39-U26+K39+U26-K39+U26+K39-Y60-Y60 -1192269
11 9 =Y60-U26+Y60-U26-Y60-D18+D18-R28+K39-K39 -3100452
8 8 =Y60+Y60+U26-Y60+K39-R28+Y60-Y60-Y60-U26 21345137
54 6 =D18-Y60+K39+D18+U26-K39+D18-R28-K39-Y60 -22448772
67 25 =U26-Y60-R28-R28+Y60-K39-D18-K39-U26-Y60 -30116395
91 1 =E38+G55-E38-J12+J12-I9-I9+E38+E38+G55 22652141
49 6 =I9+E38+E38+G55-J12-Z68-J12-E38-G55+G55 9411569
75 11 =J12+E38-J12-I9+I9+G55-E38-Z68+Z68+E38 60241426
4 20 =J12-Z68-Z68-J12+J12-G55+I9-Z68-I9-E38 30506255
35 10 =E38+Z68-G55-Z68+I9+I9-E38-G55+Z68+I9 -16236797





12
0 0 =A1 2
3 0 =E3 2
1 1 =C2 2
4 1 39 41
1 2 =B2+C1 49
3 2 =A4-D5 49
0 3 -5 44
0 4 =B5-D1 88
2 4 =C4+D3 115
4 4 =A1+B5 128
3 0 10 125
0 3 =E1-10 106

14

0 0 10 10
1 0 -10 0
2 0 =100 100
3 0 =-200 -100
0 1 =A1 -90
1 1 =-A1+A2 -110
2 1 =A2-A1+A1-A1 -130
3 1 =A2+10000-5000 4860
0 2 0 4860
1 2 -0 4860
2 2 =0 4860
3 2 =-0 4860
0 3 =A1+C1 4870
1 3 =A2+C4 4860





10
0 0 2013 2013
0 1 -1234 779
1 0 =A1 2792
1 1 =A1+B1 3571
2 0 =A2-B2 4805
2 1 =C4-A2 2792
3 0 -10000 -7208
3 1 10000 2792
0 2 =A1+B1+A2+A4 -4416
1 2 =B1-B1+A1+A1+B4 9610







540
5 6 1189 1189
44 18 =U2+D40+T73+G46+K19-2929-T4+M32-L85 -1740
49 4 =E73+A92+N26+X35+X66+K75+X47+R44+J8-Z99-4059-8438+E84 -14237
96 20 =J20-A28-8524+Z85-J2+P81+N80-1061 -23822
30 3 -4752 -28574
47 10 1229 -27345
68 9 =A19+G83+Z14-3893+R44+O87+B57-4815+L91-3335+K50 -39388
51 1 =F33-Z49+T26-K33 -39388
47 16 =V84-3346+T49-4053-O16-O97-7550+X7-T17-E89+P75 -54337
54 6 =N55-J90-G6-J8-X50-8946+U4+S3+K44-6411+B42 -70883
68 15 =X41-R57-3570-X35-M72-7545+Q25+G32-9016+T65 -91014
0 17 -5499 -96513
22 7 =C92+J87-8897+F13+H30-E99-J99+C52 -105410
20 15 =Q81+G41-A66+T93+H31 -105410
14 7 -9452 -114862
39 0 -6384 -121246
96 7 581 -120665
62 7 =-4619+D8-2095+M67-1710+P73-2143+G94+R58-B95+B1-2808 -134040
51 22 -2755 -136795
39 17 =-517+B23+D62-N74-4155+Z18 -141467
34 11 =-9468+D39+B31-J40-U15-8016+N4 -158951
83 0 =-7978-I71 -166929
11 8 =B40-H23+T43-2962-F18-S42+T15-4980+A1+X3 -165974
6 21 =H37+Y72+Q52-S47+S48 -165974
93 6 -338 -166650
89 19 -4277 -170927
21 16 =X84+K32+U91 -170927
0 21 =B56+Y30+W3-Y6+E39+Q54 -170927
87 17 -3802 -174729
4 11 =-546+R95+L64+K65+L49-G96-Z67+C84-3437+E68-N78 -178712
46 11 =E18-1297+E97-I62+K53-2038+E53-1420-9132+X82-9110-L24-T17+O68 -201709
3 11 =O59-I37-3692+L8-6889+L41-J81 -212290
59 4 =K65+X80-9084-Z80-7857+K40+W94-5519-B97+V71+D9-K90 -234750
9 14 =-386+R74 -235136
57 7 =Z79+E74-Q48-H56+K84+G63+D5-B23+Q80-5762-5455-584-1490+A75-K71 -233478
17 13 =-9772+Q89-Y9-A57+D16-A33+E75+X90-841 -244091
65 23 7206 -229679
49 17 =A30+V94-2506+G71-C9+C51-4131 -236316
51 7 =P93-J44-2908+J35+B90 -239224
62 9 =A74+A36+L75+V65-3252+U40+L97-2354+P36-C53-1533+F47-8045 -254408
6 4 1634 -252774
9 6 =X21+W45-W9-Q85 -252774
86 14 =B80-4193-O28-F60-Y13+X5+Y79+A87-F32-C65-P99 -261160
98 3 =G7-8861+A48+Q20+E15+C99+F17 -270021
4 4 =X30-2590-6200-W37 -278811
6 6 9980 -258851
29 15 -5248 -264099
56 18 =C70-845+C25-A14-A72-9099-E97-4907+Q34-M85-8627-7675-I3 -295252
31 25 =I82+E43+K12 -295252
31 12 =-8279+N16-K16+J27+N83-7302+M85-8682-1211+G78+S81 -346200
15 5 -8100 -354300
80 14 =-8700-B80-1251+A13+R32-8194+W19+H66+R52+P15+Y35-7338-39+H60+Y85 -379822
75 13 4836 -374986
8 7 =N85-G97+S89+Y1+Q64+S83 -374986
43 14 =J91-T60+O8+P3-A8+R43+F68 -374986
77 19 -9906 -384892
48 11 =L6+Y29+J44-V84-H23+R7+W68+A57 -367098
47 9 =Z76-H74-4648+O54-5275+Y46-M50-J28+S90+R98+S40+U50 -377021
89 18 =U54-918+I62-P58+O73+E45 -378857
52 10 =N3-4449+G72+O20+I20-P55-3364-N66+I54-4406+O81+E24+B6-M95 -454339
17 9 5155 -449184
10 14 =E13-M77+W80+K97+N11-2394 -451578
51 23 =V87-2881-991-8893+I82-9674+A65+Z82-V55-7620+R54-9126+B85-4724+C79 -495487
42 13 =P95-H43 -495487
78 20 =-8974-Q67 -504461
53 6 =O26-722+L7-M58 -505183
39 18 =P23-T15-J67+L99-5002-A91-T53 -515187
87 3 -5414 -520601
2 22 =I46-4500+S3+P95+G86+L72-3010+B71-8684+O55-E56+O69-N49 -552989
22 18 961 -552028
67 17 966 -551062
60 3 -6090 -557152
34 19 7747 -549405
51 5 1686 -547719
95 18 2604 -545115
1 22 =W30+G1+F96-G66-D17-284 -545399
65 15 1657 -543742
74 9 -3682 -547424
42 5 1481 -545943
41 12 531 -545412
11 7 8289 -537123
94 22 -6846 -543969
57 3 =B83-5560+W15+T92+T53 -549529
38 17 -6964 -556493
12 15 8505 -547988
43 22 8092 -539896
9 14 =K44+P23+B67-E62-V45 -539510
5 25 =W63-U38+A52-C19-8086 -547596
57 24 974 -546622
95 8 206 -546416
23 0 1188 -545228
54 22 =K98+X71-358-K49+C77-3532 -549118
40 17 =B35-A7-U7+J4+E78-O18-3476+S57-C84+Y61 -583747
13 20 =Q32+L7+F42+K17+C65 -583747
31 2 =D48-9361-1645-P66+S51-4346 -600756
95 14 =Y31+J4-P23+Z14+U23+A96+V26-2991-V81-S56-E98-X98 -603747
80 3 =-2833+G31+O71-365+Y33-1659+P1-F93+E77 -608604
97 13 =I78+N59+J95-8960-7318-4358 -629240
98 0 =E41+D35+I20+H1+Q46+D8+G94-N10+I34+N81+O30-B98+S50 -629578
19 16 =T19-O8+N9-S52-O88 -629578
62 17 -2732 -632310
72 14 74 -632088
25 6 5824 -626264
52 21 =X49-6774-X70-1480-1351+B23+D89-R25+S94-8669+N12 -644538
25 6 -9865 -660227
78 25 -7891 -676009
42 17 =-9388-6864-A18+L12+P24-2810-6784+T17+L69-C83+I66+N55 -727701
64 22 =-8247+M54+I53+N53-941-6437+U62+I48-B10-K13-R62-F98+Y69 -743326
76 20 =J45-U66-4117+K41+D59-5109 -752552
92 7 -5549 -758101
64 17 1708 -756393
1 9 3286 -756393
17 25 9698 -736997
58 15 -8334 -745331
84 4 =H75-W64-5953+U50 -751284
58 10 =V80+M43-3214-N34+D82-4790 -759288
88 5 =E63-S77+V54 -759288
67 17 =B80+W16-B49-4744+C58-Z48+Q53 -764998
54 9 4005 -760993
52 2 =A22-8730+W73-V42+H46-7048+J63-X62 -745804
7 9 9315 -736489
21 21 4008 -732481
33 1 =G75-7906+S91-V10+C88-3640-I87+I49-4417+I44-G54+K26+N43-K93-E25 -747722
15 4 -6442 -754164
32 5 -5988 -766140
15 18 -9427 -775567
81 10 =V42+N14-2879-7382-8377-9425+U38-6265-7987+H18 -817882
84 10 =P68+W78-O4+H76-7724-6392+C82 -831998
90 12 =-138+S33-D75-I64+E89-8758-3643+C63+E32+Q94-4222+T28 -848759
37 10 =-554+K17-Y26+Z81-1443-5393-6357+H48+M15 -862506
78 12 4155 -858351
48 25 =-1063+R63+F85-I12 -858351
6 14 1561 -856790
12 8 =N34+I46+J37-D94+I7-8229-N39 -865019
73 22 =Y35-Q75+J54+U72-6870-7784+S28-2925 -882598
1 18 =-831-F97-S48-E49-V86+N59+L18-R39+V58+H10-U30 -876465
61 18 =-135+T63-7724 -884324
85 25 =X61+V29+Y62-U42-P15+D62-Y63-9610+Q10 -893934
70 14 -9019 -911972
41 25 =J81-8270-7831+K12+J40-Y35+S21+T56-N24-58-H52-4924 -930147
88 12 =L35+G64+I97+G30-346+X83+J5+I29-K66 -947977
27 17 =E2-F7-4974 -952951
1 16 5456 -947495
20 10 =-3864+X97+L54+T93-I35+F72+G64-I51+P62-N1 -951359
52 2 =O61+C33-P26+I15+Z77-4167 -966548
89 20 -5635 -972183
47 15 -7527 -979710
84 10 =S73-I34-U47-M76+W87-G75+M95+P74+U49+G44-T82+Y86+K91+X50 -965594
67 1 =Q4-W57+U22+F88+D62+L20-O60-2456+B41-9822-P32+N20+T56+S60 -977872
89 0 7132 -970740
12 15 -421 -979666
60 17 =-7789-G93-V58-Z11-K47-4993-5724-C21+V10-9314+U58-V55 -1007486
93 19 -8255 -1015741
57 3 1887 -1008294
43 25 9512 -998782
8 4 9179 -989603
85 6 6605 -969788
29 7 3995 -973783
40 10 =Z99-M22+D37+E22-N27+V21+E59+D64-T41+H44+O80 -973783
85 3 =O64-9423+L21-A83+M68-2720+I97-N83+L66 -985926
46 5 =C87+E64+Q65-6569-E98+W31+C55-3900-L14+Q19+N91+J48 -1038402
67 21 993 -1037409
38 25 =G52+K57-K78-9469-8575 -1055453
13 21 -9176 -1064629
56 2 9547 -1055082
38 14 =U2+V32+Q68-386-C70-U87+L62+K44-P14+D44-6673-5387 -1067528
98 5 -5169 -1072697
71 4 =V58+D99+P30+U67+Y31-C49-S38-413-6319+F91-O4 -1083558
89 10 =J63+H35-B99+O67+R88-W26+X83-U29-906+G66+E41 -1083558
67 5 =-8780-1115+J55 -1095338
75 10 =L61+J77-9945-Z1-9741-V51+B3-9800-Q63 -1124824
81 12 =-6966-G1+S22+Q54+G42-2358+G93+K39+G92 -1134148
28 3 =I9-Y33-S30-B90-J9-Y87-4097+E89+U42+X71-1553-227+C47-7587-A64 -1147612
15 2 =-9127+Q99-1939-A62-4731-2183-P75-8487+A6+H72+L47-O1-G37+A43 -1234817
28 14 6593 -1228224
32 11 =F53+A61+C88+J12+B59+Y12-8475 -1236699
60 1 -9452 -1246151
47 5 =-7159+T14+Y93+K23+P61+T2+B92-T49+P46-W54 -1253310
92 15 6870 -1246440
67 2 =-6385-T21+Z72+E7+U4-K9+G44+W41+E3-R62 -1251191
74 0 =F85-9223-Q47+X94-C54+R91-1071+H61+C16+Q64-770 -1447729
94 11 -1838 -1449567
23 19 8731 -1440836
37 10 =V25+I98+Z50+U10-F16+D65+Q90+I12-2816 -1424845
10 20 -110 -1424955
55 15 3527 -1421428
62 15 -6494 -1427922
76 10 =-6625-W72+W75-N3+D31+K10-K79+T77+T3 -1439299
24 2 =I16+E34+T81-3153-4787+Q54+M23+Y15-3971-4131-6496-3982-9749+P18-757 -1550377
66 2 -2707 -1553084
7 11 -5806 -1564696
0 23 =K25+U70 -1564696
72 22 =L9+G32-6497-3824+R33 -1575017
39 0 =L47+H63+U90+P64+U14+V40-V26 -1648719
39 9 586 -1648719
96 15 -1842 -1650561
53 10 =J14+C72-5060+Z66-F21+E54-U85 -1655621
26 19 =-3363-I74-Y28-4810+G18 -1663794
8 2 1563 -1663794
5 7 =-3169-7789-Z98+M22-U79-4988-W44-U86-Z85 -1678858
5 6 =A48+K83+F87 -1678858
9 6 =-5080-K69-W34-579-2067+T75+K92-X12-J54 -1686584
48 12 =F9+C70-8254+T23 -1694838
92 23 =G2-P79+H41+I15-G26-E40-2653-347+X53+X97 -1687973
34 21 =M94-9254-T80+F13-G12-R93+W28-J43-4435+T49+B22 -1701662
15 9 -3749 -1705411
92 0 =-8184-3492+X28-M78+I59+S80-L67-5605+H44 -1722692
83 25 -4844 -1727536
29 1 -9985 -1737521
53 4 =R55-9317+B43-163-4938+K64+B68-2494+Y3+U16-N10+L51-U15+R31 -1795901
59 17 =R36+B65-7424-7805+E53+X28-F75+M93+F17-9100+X21 -1820230
2 12 =M58+T31+L90+C48+L23+H21-G47+K50+B70-9014+T62 -1829244
42 2 -1929 -1831173
77 24 5082 -1826091
26 23 =E90-4118-2369+P93-7195+V23-8669-K15+U76+R97+C75-4903 -1846475
94 19 3727 -1842748
43 16 =K66-Q44+T17+I40+T98-F32+X54 -1842746
66 2 1699 -1838340
3 14 -488 -1838340
23 3 -1369 -1839709
5 1 9223 -1775148
80 21 9735 -1775148
62 17 =-5821+R19-4540+P10+K6+I20-2407-F46-Y82+W88 -1785184
10 9 =X61-4407-U58 -1789591
44 25 9990 -1779601
5 6 =R16-I34-5895-N36-Q47 -1779601
45 11 4246 -1775355
36 1 =V61+Q21+L4 -1791742
14 16 7168 -1784574
2 2 =H62-9040+L30+Y95+I60-M19+D67+Y13-1856-U99+O69 -1795470
18 1 =L1+A23-9815+F56+A98+Z68 -1805285
68 8 =-8126+G54+N47+M30+D56-5796+F79-E77-Z11-F61+M38-V5+W94+I32-A35 -1819929
52 10 =X30-W83-433+U52-961+G66-5720-B50+P81-W64+U92-M19 -1691505
95 4 =P76+Q9+X24-Q70+T96-3082-1469+P57+Y87-N49 -1696056
20 0 =-4208-M49+X26-7875+H87-N52+X26+L72+E15+Q67-9247+W47 -1709132
65 24 555 -1708577
7 5 =D7-6191+W55-C29-1995+Z89+X23-8713+B46 -1729366
91 23 =X96-R94+I55+D21+T22 -1729366
13 16 =R51+D91-4262+P41-W74+O56-5869-L75-7654+Q27+H11-7791 -1737363
61 19 =-608-862 -1740303
92 7 =O15-5623-C18+O19+X17-8443-N96+J98 -1748820
19 19 =W64+A93+L78+E6-6621+D34-E40-4939-2717-6902-P1-I84-351+G91 -1787631
11 0 9631 -1778000
50 6 =G25-1098+T93+L29-688-4453+I55+R66+J26 -1784239
46 23 =C29-T57+I64+R43+X74-Q33 -1835931
17 18 =O71-O93+H47 -1844950
54 12 =S90-5569+J53-3996-9865-D53 -1865224
41 21 =-2398-L66+H90-1845+L40+F55+W8-I96-X85+W52-1723+E94 -1883078
1 22 =V47-V52 -1882794
64 11 -5090 -1887884
43 2 =C88+R76-Q16+M20 -1887884
47 2 =Y31+S95-3143-W68-P30 -1883674
64 19 -8982 -1901638
77 18 =-5249-4495-8651-M95+Q60 -1920033
20 14 1956 -1918077
2 25 -186 -1918263
31 7 -1007 -1919270
91 4 8194 -1911076
47 21 -7039 -1918115
37 5 -9208 -1927323
84 10 =-5236+N15-V12+F61+P94-6015+W25 -1938574
27 12 -3424 -1941998
39 21 =O9+U89-P50+O45+Q17-S64-8333+U86-115 -1958894
60 0 =-3537+N88-8731+N3+K12-Z62-7623-7802+G97+T61+K4 -2014280
68 2 =-6636-1474+Q10+J5+A98-H94+C98+G4+J13+B15+R82-2894-5113-8219+G23 -2038616
47 2 -6164 -2055154
57 9 =S72+Q27+N44+T17+V84 -2055154
87 13 8861 -2028571
55 11 3276 -2025295
39 21 6647 -1995105
44 11 =Z31+G21-4494+E20-C22+P75+E28-2506+R12+S54-A14+K86+E99-N16+Y29 -2002105
95 6 =-5781-2787+D92+M50-D67+N51-1092+K79+P23+C29+X41-C69+W96-X73-2769 -2002105
81 16 =R57-O98+H12+G6-5959+L34+V60-7894-H71+P54+P43+R2+O43-1947 -2015511
71 16 =-349-V37+M36+A39+J34+F39-O38-O61-B44+D57-2472 -2018332
23 23 =-7791-X90+Q8-M7 -2033914
2 24 -2730 -2042104
65 5 9224 -2032880
38 5 =S99+D59-2952+S52-4747-E34-9822-4233-H24 -2076388
3 16 =Q67+S60-Q70+X11+W84-8305-N58 -2109608
80 4 =N91+W24-P75-A78-O27-E82-K77-W77-R5 -2098231
83 5 =-5025+K81-2341 -2105597
14 13 =A9+B25+E30-S88-4621-1510+G71+C77-X82+O74-6754-Z92+E43 -2131367
55 5 =A84-3625-3814-8965-1261+S46 -2182653
34 2 =-2516+Y95+O96-6958-1408-I58+Z69+K26 -2206261
21 24 =Q50+Y23+Z88-6608+O92+A74-9808 -2222677
46 13 =Q19-7693 -2238063
9 11 4116 -2233947
44 20 =-5756-T60 -2239703
85 14 =V22+A41+O67+B79 -2235695
69 18 =-5530-9792+H38-243+S21-6033+D70+I13+K63-5918+C85 -2271440
0 23 9687 -2261753
4 22 4794 -2256959
53 12 =-3949-1926-J3-4460+U78+H28+O12+F43+F99+H74-K40+V58+U62+J13 -2285005
40 15 6985 -2271035
49 3 5960 -2265075
36 6 =M31+M74-2884-J41+N71-6446+H71+B24-7643 -2231129
15 22 =X88-467+F69-3957+Q7-K92-O57+S31-S1-3476-8353+A10 -2263635
73 0 -5474 -2280057
23 21 =-8817-4569+F74+C1-1070+Z28-H59 -2294513
7 19 3829 -2290684
52 0 =-4231+Z23+Y49+Q79+X64+X68-1176+Q40+G9+Q83-7139-3948+R49-9170-2561 -2318909
72 13 -2491 -2321400
3 4 =I72+N57+K95-510 -2321910
4 0 =K86+M73+Z74-C13+X7-7802+D84+S52-A30-H42-3502+D28-C70+N44 -2333214
38 0 1037 -2331140
97 6 =V41-7811-M45-H70+M86+H35 -2338951
53 25 =-8492-Z67-2216+X3-3333-L6+S25+J70+K92+K3-K14-C31 -2352992
29 16 =Z74-7713+Z37+O50+U45-Y51+H40-7233+S26+D83+L48-3067+L22+I17 -2376761
90 5 -6938 -2390637
19 23 =I11+Y68+E75+P15+K10+M99+K38-2667 -2391060
80 25 =X60-1807+S89+T36-3856+Z51-7317+K63+L73 -2404040
95 8 2551 -2406385
64 4 4700 -2401685
42 19 =Q80+J26-W61 -2401685
60 8 -5437 -2407122
30 24 =-1833+F61+R79+U23 -2414454
54 16 1802 -2412652
0 22 =Q39+P78+R20-P88+I33+K14-9641-8919-F52-L88-2552 -2435450
19 14 -113 -2435563
12 0 =O87+Y53 -2443949
10 20 =T3+Y59 -2443839
90 23 =H10-1255-R88+S68 -2441292
96 1 =Z56-946-V12+T4+E1-188+B88-T35 -2441292
78 3 =-9132-J77-457+H59+X38-W23+Z82-8510-S90+J68+X28+U89+I18 -2458547
74 0 1287 -2354635
71 2 -4483 -2363601
2 24 =O68+U69-V53+N85-477+T25+N87-2656-K4+Y78-N76+F88 -2309250
98 6 =-7941-I93 -2317191
27 19 =-109-X51-Q8-J51-2293-C25-X61-T53-G60-7766 -2263475
20 17 =N22-L1-T24-K64-Z89-D56-T69+E68+N17-R11 -2272206
63 5 =-147-M54 -2258330
85 17 =Z56-2358+F71-4514-D97+M92+X61+I10-6389 -2271591
7 21 =N65-I97+X69+K60-1126+H8+W18-O3-T39-3580+D95-Q59 -2276297
36 7 =W31-1147-E83-J84-6129-2002-P47+K18+W93+S8-L26+O74-G69+I30+T78 -2314665
24 16 -7834 -2330333
93 10 =B84+Y91 -2330333
48 4 6406 -2330333
25 7 =H89+Y86-G29-7584+I62-4104 -2342021
79 22 =B93+Y36+D97+E41+D90-S18-4332+J57-7193-4684-9283-F6 -2374967
71 11 =B55-7438-233+O81+J1+C84-S14-9933-P3+B12+R8-5586+K6+M31 -2586587
10 8 =-2766+M89+C57 -2609857
81 16 =D97+J17-436-I77+S21+I16-5696-4016+X34-N85+W24-3845+B34+N94 -2625685
78 17 =D66-O92 -2625685
6 11 9125 -2598310
54 8 =I66+Y45-M69+N30+C15+M25-T83+E28+I44-N85+N94-A5+H30-2755 -2560678
19 12 =U67-A5+P97-Q35+A99-955+L25+J68+E60+D56+G80-5819+E11+X39-9552 -2507366
13 22 9771 -2497595
26 5 =-2854+Y80-Q64-G51 -2506754
63 16 -7307 -2514061
54 0 -6408 -2520469
61 23 =-6468+C22-U1+M91+Y95+F66 -2507616
26 3 -1370 -2508986
56 24 =-6353-5748-2326+W1-U99-C85+D71+X13+S40 -2551213
87 3 =X14+E96+N10+D90+L32 -2558141
75 2 =N14+F68-A73 -2564031
42 18 4787 -2559244
61 6 =V96-T57+R81+Q7-N87 -2559244
4 8 8542 -2550702
75 4 7094 -2543608
80 7 =B15+G60-L73-367-5121+K40+K34-8202-G25-O12-3074 -2560372
34 17 -4562 -2564934
10 0 =B44-F7-2621+T28-4279+K37-T19-3185-K6 -2548161
27 14 =B43-J45+K39-523-2557+P66+S11+I29-5546-5457+I75+W48+E70+N72 -2461179
32 18 =-7448+E83-O56-8796+R99+O82 -2509911
32 4 =-871-8131-5844+E6+N41+L8+C97+I48-2345-W16-K96+L3+V99 -2516655
41 1 =I97-P29+O13+O49-T81-8583+H73+B26-697-9691+E32+F5 -2554597
6 13 =-4401+B14-6225+U79-1807 -2576004
26 12 =D76+W62-D50 -2581964
77 1 6913 -2575051
24 23 =F69-9333-K58-P19+U15-1285-8843-I23-V90-6528+Q95-4899+T91+L92+L68 -2605939
62 25 -6065 -2612004
58 12 =-5184-4223+N9-L13-9763-M38+D50+Z91-3389+V77+K89-2583+T75 -2631186
81 21 =W87-H26+Q95-9787-7512-5408-Y16-Y34-7259+Y72-8147 -2657611
54 1 2564 -2644791
35 9 8961 -2635830
82 22 =E19-B42+X92-7560+R49-1784+H39-G24+A7-T47+C27+Z35+Q2+V50 -2718711
90 22 =U88+L11 -2718711
41 15 =-6507-57 -2725275
66 9 =X6-6142+G97 -2712991
17 10 =N5+F85+X44-5006+H84-7762 -2751295
89 24 =-3432+Q37-A82+L60+X24+K23 -2762518
34 3 =P7+E41+P93 -2735038
37 11 =-7264-P84 -2742302
18 11 =-3852-7786-1345-4944-J43-6722+Y15 -2766951
95 22 =V99-H11-9449-7200-5006+I20+N47+M99 -2796299
96 16 =-3682-1290-4020+D21-I87+H26+L73 -2816979
85 8 =-8135-Q50+X62-R98+K15+Y78-2383-7904+M1+B58 -2833710
28 17 -3780 -2837490
29 7 6436 -2847254
88 2 =F99+K30-8779+A12+B12-8007+W56 -2859578
25 17 -6414 -2865992
15 4 -1080 -2860630
26 9 6848 -2840086
16 13 -5293 -2850672
89 16 =-6258+K67+R81+R87+N94+N56-P30-4617+D85-E70-407+F91 -2889588
61 3 =Q47-M48+M93 -2889588
58 20 =H67-9322+S93-3670-D46-T38+U40-1052+O43+P93-L92+R47+R30-6384 -2903146
10 2 6170 -2896976
8 13 =T56-7773-L3-4+R85 -2935861
0 15 =-4774-M95+Y68-A61+Q21+X64+T32+F39+Z16-991 -2944548
37 1 =H60+U62+V64-2926-2720+N45+R4+K90 -2991489
58 23 -4282 -2995771
90 0 =Y57+U32-N24+J33-D80-C89+T26-C81 -2888621
71 6 =T72-1038+P50+I80 -2889659
80 0 =-7477+Q97+T6+Z15-A29-P65-L77-9117+Y75-R74 -2926933
53 17 -8649 -2944231
98 4 5864 -2909047
77 10 =-185+X50-7561+U32+Z89-T90-3967-M81-R63+O45-1481+R33+Z54 -2909047
59 20 =-4188+B33+F85-J71+I22-Z6-R94+T39 -2905149
25 2 =K82-9136 -2967872
52 18 548 -2967324
40 24 =J92+E37+S59 -2967324
53 12 4759 -2948542
22 6 -2039 -2952620
95 19 =Y59-5571+O86+X49-836+L6-R2 -2959817
58 3 -4835 -2983992
46 2 =T43+B78+D53+V76-2259+T41+F81+W27+C43-952-R8+H95+W3 -3075454
16 5 -9939 -3115210
61 4 1901 -3115210
89 21 =K51-J33-1172+E65-R52-H81-U78 -3115210
97 13 =F18+O97+J33-6811-P27-5497+Y89 -3106882
22 8 6939 -3106882
0 21 -3083 -3062461
54 22 21 -3054639
45 8 =R92+D45-3789-I88 -3077373
44 12 -1076 -3077373
25 14 -7962 -3085335
65 15 =U93+G88-C57+Y5+U77+V58-3878+F89+S99+G91+X64 -2852191
17 24 6620 -2845571
77 14 =D34+O13+A32-D42+R27-F79+W87 -2845571
21 18 =U72-A21-Q72+S64+W18-Z53-V27+I58-W27+M51-D75+L53-369 -2745867
45 19 =-7572+L79+E69-E21+Z38-W99-W36-M49-K92-G91 -2745185
71 15 =Y36+B21 -2745185
90 5 =-953+H47+F79+R42+A51+G49 -2715260
25 1 =C93+C38+C81-5562 -2748632
66 3 =V80+N6+E55-J14-F84+H80+B91+E4-3905-D76+M53+H35-K83 -2742730
88 5 =R55+D27+G46+Z57 -2735880
36 2 =J24+I14-8500+G66+B80+G47+U50+L23-1889 -2746269
20 20 =E16-4030+P28-8467+S85-1349+A11+X99+Q16-7771-J4+O98+Q34 -2752193
79 14 =K92-1577-I66-8146-1057-951+T19-5767+I69-O3+B88-5195+O72+F26+K12 -2620592
5 23 =B37-I37-7977-J20-342+V99+J78-3283-R45-5781+G40+G61 -2688132
90 2 =J34+N78-842+A26-7794-Y15+M27+P34-512-8200+Y81+K93+G8 -2711440
53 2 985 -2710455
96 0 =-3789+T71+T41-Z18+T94-V36-F87-9619+D43-4061 -2745877
29 25 =K38+N95-3872-2806+J53-W82+A54-S29 -2753875
26 3 7293 -2788527
68 10 2718 -2788527
59 1 1879 -2786648
35 2 =N94+X28+Z44-5580-F25-K8+H8-F67-3296+M80-1337 -2787349
60 7 =J25+V86-D31+G20-S32-V64-4280 -2786877
54 25 -6644 -2793521
53 20 =T1+P93+W4+W15+X44+A77+E26+H18+W9 -2779781
13 25 -8682 -2814509
82 0 =W73-3605-427-J82+G92 -2814509
50 1 =Z41+A7+T99-581+V53-3673-V84+U76-9001+V7-Z55+Y68 -2871346
78 14 -7621 -2878967
27 25 6777 -2865413
90 6 7755 -2904188
55 22 =D85+D46+K78-I38+L58-C94+U36-1572-W28+Y83 -2927712
0 11 =H85+J14+O64+R22+J41+N7+W61-533+X85+H3+I10+M35+H76-9568 -2959220
8 1 =P62-H64-1341+I25+K73+D86-F82+T65-709 -2968042
54 9 =K83+K45+C8-W37 -2984062
63 13 =Y13-3621 -2987683
64 0 =A51-7894+K94-X23+L27-F74+K67-5661+U31+G52-P76+A3-N46+F90+A34 -3014793
51 13 6775 -3001243
40 9 -2870 -3006983
90 7 5198 -3001785
40 16 9193 -2992592
73 0 -5876 -2993396
73 14 =F24+W35+H54+Z48-D53-5031-R43-V97+N6+E93-S50 -2868506
77 5 =O21+T99 -2866550
97 2 =X74+A8+B85-P51-8303+N37 -2883156
88 6 -6478 -2889634
38 10 =A42+H79-4498+R98+V49-6484-Q4+P75+S73-C37 -2920482
21 24 3660 -2894530
84 21 -5161 -2899691
16 23 =-6789+M40+H53+Z26+G9-C16-N87+P61-6783+A6 -2770625
56 1 -8058 -2786741
19 8 -6341 -2799423
68 5 -9341 -2827446
51 0 1861 -2825585
36 24 =S21-9255+M17 -2834840
35 15 =H2+O69+S98+R41-5842-J59+J94+L62-5555-6881-8811+V66 -2933584
17 8 =-8745-Y82+D61+H70+V27-419+O24+M80+J66-113 -2964318
80 17 =W19+H35-6212+X95-6117+D30+C85-W52+M80+F7-K66 -3021762
95 24 =O60+K74+F8-3360+C69 -3076678
87 13 =-3981-E80+L12+J64+Y44+L80+K54-3188-1487-R41-Q73+W95-1291+Z12 -3047978
7 1 =W63-U40+Z75 -3047978
74 13 =I79-4941+C60+L72-I40+W33+R5+J67+O37+C84-3906-8459-Z34 -3092861
6 22 -6802 -3099663
83 25 =P13-Z1 -3095240
29 21 -2091 -3097331
87 6 2235 -3110741
60 3 =R43-3734+J93+O92+S20-F15-P76+Q20 -3204542
55 22 -4120 -3201940
33 0 =P43+B23-4153+B55-5749-9541-7251-8640-188 -3300814
5 23 =-997-L38+W55+M36-5584-J18 -3212857
69 25 -358 -3213215
8 10 -1838 -3213215
58 19 -7538 -3220753
89 23 =-7893-Z61-6517 -3191933
38 12 3239 -3188694
39 24 =T17-5794-146+L39+N10+X1-9655-R21+J52-2835+Y71 -3217791
44 0 =T69+J21+U18+A98+Z83+L85-Z95-834 -3218625
69 7 =-3964-6122-Z24+K50 -3238797
98 15 =R88-9308-2546+C56-9587+K90-D3 -3445699
46 3 =N75-1277-3400-U74+R7-7819+G91-9495 -3445648
35 0 =H8+I79+L68-F89+E5+Z55-7715-W27 -3476090
34 12 =A70+I30 -3476090
60 8 -1561 -3472214
19 24 -6280 -3478494
29 0 =-3308+E29-2383-4399-9700-44+Q88+I95+K71+E50-Q29-711-K40-O36+A96 -3563228
67 21 =G70+H80-F8-1000-I70-F25+D25-C79-X25-2101-I87+J96+K88+K35-4681 -3487665
61 8 =K52+Z53+P57-F91+R43 -3562344
92 15 =Z86+H36-5825+C23+B83+K1+G53 -3718479
1 8 5599 -3712880
0 13 =-6358+C51-H33-B96+H96-L7+A24 -3712880
76 1 6346 -3706534
96 22 =S11+N56+C11+S77 -3700364
62 2 =T52-4694+C33-6300-I54+B39-F55+J46+M98-6180-J48+O17-5284+P82+X61 -3673871
68 20 2423 -3659333
68 10 =C16-S19+W7-5059-W67+Y36+D75+F48+Q7+S34+I68+B64-E64 -3659333
29 9 =U14+H59+C73-7991-19+F47-1981+I27-9042-1602-J72+L31+V6-561-2355 -3659272
10 17 =Z15-A40-7024+A31+O54 -3664239
44 0 =C95-J62-C26-S61-Y60 -3600682
64 4 =S69-A74+E84-9022+C6-N49-462-5146+T76-Z65-I66+K68-2621+D39-2941 -3638714
68 14 =-2637+M63+U33-O11-8634+C32+M57-7415 -3522017
43 18 =-702-2552+F98+B55+L2 -3522707
2 25 7320 -3515201
40 16 5321 -3519073
75 5 =-1748-5178+F67+Y74+N63+C51+S81+F3-2052-6982 -3535033
10 11 =H59-4544-Z32+X25+J5+W40+X8+A25+A95-J50+Y41-C97 -3641009
30 14 =B83-Y88+L33-4797-1573-Z5-245-S71 -3658158
94 2 =I56+G37-T9-38-H85 -3686440
12 11 =T86-F73-L25+Q37+M5+U7+X53+L60-4878 -3686440
18 4 =-7435+V45 -3693875
3 7 =W50+V94-W63-5279+Z59+J90+S14-6144-6143+M20+T52 -3693812
62 16 =S6+A27-1539-307 -3693812
14 5 =I2+E59+V82+V93-2656+Y57+X67+I8+M27-9531-H40 -3565816
17 8 639 -3541605