5
4 3
5 21 8 19
8 3
22 9 19 6 20 5 7 2
10 2
0 10 2 12 4 14 6 16 8 18
40 15
402 444 322 123 302 183 380 80 200 533 299 147 189 528 268 181 404 270 432 236 525 316 487 412 241 33 414 357 542 489 466 174 226 69 308 565 317 539 170 455
100 13
3242 3191 1819 1458 2193 1090 4759 1598 2255 4539 331 727 2954 4620 3499 4735 2044 259 3753 4003 1308 3054 53 3980 20 2715 4663 2241 1613 112 1248 4249 413 3382 4398 212 1430 2054 4683 2856 4326 4878 1163 3265 1287 77 3880 3729 855 566 4376 4271 4484 4140 951 3359 891 3647 2490 1352 4416 2825 4858 4712 3738 1510 2524 4814 3866 1261 466 4692 3154 3558 874 2622 1666 4897 2123 1529 3290 716 1701 1059 4746 592 4224 3766 2367 2643 2779 3581 4028 2540 1944 3695 577 828 2267 4128
