5
10
0 200
1 757148
1 851001
1 413357
1 971125
4 0 kimgysrtpnjzbp 1 01072086371 1
4 0 leefgujjze 2 19260414 1
4 4 cwjpxrzpsof 2 19260414 1
4 1 01086024865 3 NULL 0
4 3 jqtwx@e.com 4 ccxzhdzymdjpt 1
30
0 84
1 73109
1 574081
1 435177
1 764301
1 846734
1 496026
1 633605
1 544848
1 415473
1 312137
1 595209
1 502521
1 563001
1 818981
1 768385
3 0 parkyylueyoeqe 3 mayvudj@l.com 1
3 0 leecsk 3 zudl@t.com 1
4 4 nmwbfty 0 limgcufqjp 1
4 0 parkyzupol 1 01020452508 1
3 2 19760921 4 owkbjzwucwl 1
3 0 choiekaaogozxl 0 ohtoohonagn 1
1 579871
4 2 19860414 0 ohtoohonagn 1
4 3 uhuhrsmiiva@a.com 2 19490309 1
1 970536
4 2 19981002 3 chjdwnujhr@d.com 1
4 3 kbcltfnijs@c.com 4 ooursvtxz 1
3 3 kbcltfnijs@c.com 0 chootzgkubmjrm 1
4 1 01052910135 2 19570912 1
50
0 44
1 918711
1 581907
1 376363
1 686977
1 60625
1 386939
1 568501
1 551266
1 385256
1 59921
1 869822
1 542056
1 996142
1 965957
1 752958
1 580455
1 239000
1 595881
1 599193
1 554428
1 579329
1 311431
1 810236
1 250279
4 0 jangwudbo 4 ruoavwi 1
3 1 01014405687 0 kangmb 1
3 2 19700409 2 19940822 1
4 1 01064131716 0 kangbhxbbrszkp 1
4 0 leegpfx 1 01087479896 1
4 0 choiadohmlo 3 qrytkf@e.com 1
4 3 dxwfiuwjc@a.com 4 ltntpdk 1
4 3 lfvftidfo@z.com 4 wfzmzffycil 1
3 4 ophwu 3 gkjisuxh@a.com 1
2 1 01046140822 1
4 3 uclanjbw@z.com 4 porkarme 1
2 1 01046140822 0
3 3 xsxljdvwbexml@g.com 2 19380720 1
2 4 xlcwjxr 1
1 552041
4 0 kangsdwhf 4 pkngwlqwql 1
2 2 19870722 0
4 1 01082270556 0 jangvqgibfx 1
4 0 jungbjtee 2 19290828 1
3 0 kangmb 4 jsaevteqcsk 1
3 3 dxwfiuwjc@a.com 3 kntarjkpxin@o.com 1
3 3 xpvve@h.com 0 leehkw 1
4 4 yyxrupuvo 0 parkaakqc 1
4 4 omnzwjspx 2 19330507 1
1 61039
100
0 24
1 746211
1 74001
1 690726
1 385751
1 221761
1 796484
1 665817
1 864833
1 595816
1 896467
1 811623
1 335937
1 583105
1 190204
1 177321
1 779617
1 713623
1 262016
1 832563
1 581076
1 607880
1 570601
1 101871
1 861098
1 14041
1 470723
1 390086
1 576091
1 447216
1 81656
1 476006
1 185857
1 51081
1 685793
1 553321
1 17569
1 323885
1 125481
1 929045
1 53457
1 616737
1 477188
1 98491
1 435929
1 118309
1 349091
1 855681
1 497721
1 707519
4 2 19971223 3 osldtv@g.com 1
2 0 chotjgowk 1
3 2 19280801 3 osldtv@g.com 1
1 119291
4 2 19770616 3 qgamfx@m.com 1
4 0 jangdhtphoa 3 jzvrqtproyftf@n.com 1
4 4 tccjyplry 2 19910520 1
4 0 jungtd 4 kotncp 1
2 3 qponnnawysbn@o.com 1
1 115046
3 3 xzzazmjydyd@y.com 0 ohexggfozhothih 1
3 3 osldtv@g.com 3 rjbfrjpcgdjdr@w.com 2
2 3 fgjjj@b.com 1
3 4 kotncp 2 19441013 0
3 0 kimpqicgr 2 19910520 1
4 2 19251113 1 01064602569 1
1 648391
1 779068
4 3 jkprruyuw@g.com 4 bprwyxxehl 1
4 4 suiqwprqn 0 choxlfic 1
4 4 sondruiajnur 1 NULL 0
3 2 19910520 0 ohsrtuixrcv 2
3 2 19330108 3 jzvrqtproyftf@n.com 1
4 0 kimqcctkbt 3 bsinwvantrwjj@y.com 1
1 502317
1 277478
4 3 fgjjj@b.com 2 NULL 0
3 0 jangefwu 3 qghosyvg@m.com 1
3 4 whubcx 4 kyadxdgzlzkxmu 1
4 2 19311226 1 01061086162 1
1 587841
4 4 deiyeg 1 01087783961 1
4 1 01010707184 0 jungvfzbrthzs 1
4 0 ohsrtuixrcv 4 fgcxjk 3
4 4 svfmjsguc 0 kimziidzs 1
4 4 kotncp 1 NULL 0
3 2 19110321 4 hlvbypec 1
4 2 19060718 4 kyadxdgzlzkxmu 1
3 2 19910520 0 kangdqsvmte 2
4 2 19340607 4 zcdff 1
4 3 zrtr@s.com 4 opyaajz 1
4 2 19940420 3 aojyrd@c.com 1
4 3 xzzazmjydyd@y.com 2 19360722 1
3 4 uvnymsbolqe 4 egkmqltbc 1
2 2 19731017 1
2 1 01069396922 1
4 1 01098909693 2 19030428 1
4 0 chombsijhkl 1 NULL 0
4 1 01044601341 3 wxlhsgkwnelj@q.com 1
4 3 khlrbxbluzcpo@n.com 4 zcdff 1
5148
0 1
1 789013
1 382783
1 276127
1 396673
1 178899
1 860476
1 228524
1 259701
1 586701
1 906464
1 442295
1 676223
1 935239
1 434289
1 115141
1 441619
1 23614
1 793011
1 694000
1 866721
1 380912
1 413905
1 343941
1 925951
1 338577
1 701281
1 824104
1 935533
1 199751
1 571197
1 847426
1 882631
1 998403
1 251321
1 538830
1 603369
1 424656
1 711631
1 942291
1 527401
1 474046
1 666537
1 633935
1 33619
1 547269
1 632291
1 513093
1 752052
1 802753
1 461203
1 180041
1 313671
1 193926
1 766121
1 915841
1 650094
1 714526
1 266336
1 621619
1 224488
1 399448
1 274591
1 896731
1 995171
1 670510
1 506545
1 871921
1 752746
1 783031
1 963737
1 740361
1 503417
1 470337
1 781439
1 703049
1 957561
1 822913
1 780741
1 387025
1 930793
1 995133
1 632176
1 958121
1 165665
1 360163
1 927569
1 857714
1 270595
1 571351
1 475111
1 182361
1 173185
1 96302
1 489251
1 127764
1 897511
1 519376
1 781867
1 261091
1 654234
1 873326
1 30632
1 538805
1 165393
1 327013
1 60957
1 983349
1 591501
1 96694
1 782960
1 898966
1 416965
1 408071
1 313057
1 400897
1 232833
1 450505
1 794026
1 960341
1 893976
1 90305
1 144361
1 923001
1 917593
1 937223
1 146911
1 905129
1 965094
1 693023
1 987201
1 457831
1 835481
1 643115
1 84817
1 895311
1 795785
1 705082
1 826901
1 762953
1 919855
1 668065
1 434648
1 437141
1 368404
1 505075
1 786011
1 365127
1 39407
1 533131
1 393597
1 658281
1 320285
1 862175
1 598409
1 440495
1 445088
1 705189
1 935261
1 85029
1 410151
1 306269
1 79569
1 609109
1 392433
1 728921
1 897251
1 557513
1 49445
1 113689
1 686411
1 755865
1 946933
1 936335
1 566841
1 686677
1 716494
1 476393
1 999116
1 908708
1 549008
1 533843
1 461072
1 160586
1 702381
1 684911
1 620597
1 97201
1 503111
1 884251
1 158526
1 102301
1 654501
1 363025
1 551840
1 536581
1 981421
1 370601
1 234091
1 603876
1 374567
1 337625
1 108381
1 463191
1 593771
1 992698
1 295035
1 677689
1 685523
1 789545
1 24446
1 153273
1 514845
1 353501
1 368349
1 67961
1 507369
1 254491
1 834977
1 930072
1 67485
1 815061
1 995331
1 20225
1 380171
1 655773
1 244449
1 23878
1 407819
1 911905
1 262829
1 573896
1 294386
1 758849
1 478739
1 540247
1 15916
1 112466
1 22756
1 823777
1 490587
1 429181
1 85043
1 666838
1 264321
1 32826
1 523393
1 739617
1 401285
1 270463
1 642653
1 541957
1 963471
1 218768
1 510677
1 3381
1 309287
1 896513
1 271401
1 78174
1 464653
1 211743
1 505161
1 878606
1 226401
1 476213
1 49153
1 61617
1 396325
1 369356
1 283063
1 372541
1 714998
1 866487
1 391625
1 437759
1 708096
1 943573
1 243313
1 799801
1 940295
1 219265
1 45202
1 987202
1 397474
1 960697
1 344481
1 888594
1 860885
1 705001
1 977913
1 377131
1 435732
1 311156
1 796683
1 443723
1 919213
1 879281
1 239887
1 223831
1 949137
1 131799
1 664629
1 635983
1 713017
1 793870
1 358949
1 728857
1 192121
1 307379
1 849505
1 707703
1 129407
1 281747
1 762851
1 31851
1 675497
1 215326
1 770001
1 281251
1 531283
1 4401
1 207295
1 484761
1 639001
1 674751
1 911615
1 59521
1 1
1 429649
1 508255
1 905651
1 155681
1 433583
1 704961
1 828502
1 828055
1 239951
1 593233
1 782071
1 298838
1 22155
1 995933
1 600939
1 326831
1 22291
1 296505
1 9022
1 723363
1 269196
1 792058
1 756320
1 430981
1 711801
1 680169
1 464716
1 30416
1 38238
1 763001
1 115389
1 326383
1 528289
1 643735
1 415364
1 651993
1 549673
1 57409
1 565989
1 761519
1 747162
1 733997
1 772651
1 821957
1 65876
1 844626
1 535681
1 588866
1 624818
1 213544
1 906165
1 446542
1 183601
1 683819
1 324509
1 785553
1 776277
1 375911
1 522709
1 859641
1 946143
1 506102
1 389445
1 668441
1 843905
1 249665
1 43688
1 724813
1 115801
1 556715
1 555043
1 952449
1 743075
1 205635
1 720275
1 403881
1 554667
1 352461
1 739946
1 115315
1 662701
1 784785
1 665995
1 570401
1 564901
1 527896
1 857681
1 335897
1 553371
1 808221
1 906375
1 45199
1 566601
1 783217
1 60973
1 33253
1 170167
1 924033
1 482676
1 296659
1 765785
1 677325
1 495711
1 359819
1 611394
1 725931
1 406345
1 939325
1 194845
1 739444
1 409300
1 416241
1 239452
1 448366
1 357532
1 921043
1 701180
1 72941
1 177901
1 372781
1 914071
1 466871
1 503736
1 61158
1 265881
1 330921
1 91561
1 44523
1 569183
1 170762
1 607901
1 983451
1 583683
1 497307
1 773336
1 392630
1 590143
1 767264
1 226566
1 142609
1 42946
1 436769
1 454619
1 54512
1 575142
1 602113
1 468793
1 581697
1 40333
1 185304
1 693289
1 366925
1 40512
1 835867
1 960937
1 940113
1 896381
1 64690
1 396561
1 634276
1 74814
1 692321
1 600280
1 421803
1 405145
1 42209
1 110164
1 680051
1 192750
1 670051
1 675285
1 673981
1 392309
1 124069
1 203141
1 477477
1 705601
1 345242
1 870281
1 61507
1 101541
1 71968
1 519121
1 576737
1 88142
1 838556
1 877385
1 116921
1 840572
1 30751
1 64241
1 498987
1 531376
1 41809
1 637037
1 971477
1 939938
1 822744
1 696815
1 302113
1 867477
1 726871
1 80838
1 32357
1 808401
1 197777
1 178294
1 464873
1 35265
1 435703
1 455265
1 962277
1 798341
1 725210
1 280586
1 299483
1 131861
1 129649
1 402081
1 467706
1 733088
1 159050
1 679711
1 252425
1 34245
1 394241
1 230348
1 389247
1 366801
1 37501
1 748067
1 342520
1 374661
1 178881
1 377417
1 513025
1 230753
1 376001
1 63669
1 660325
1 404169
1 763891
1 779885
1 877629
1 86051
1 995195
1 940251
1 906643
1 180817
1 560145
1 633715
1 896219
1 370161
1 179071
1 325765
1 448993
1 645835
1 975230
1 125557
1 603361
1 508923
1 116326
1 75925
1 572911
1 754188
1 834994
1 945986
1 846481
1 273431
1 747161
1 683581
1 756345
1 263511
1 561588
1 209876
1 501118
1 624311
1 388969
1 49204
1 313851
1 908041
1 974062
1 830626
1 928411
1 964854
1 272181
1 206199
1 837061
1 353004
1 502641
1 443997
1 142951
1 491887
1 242601
1 46206
1 203056
1 317961
1 409597
1 479549
1 860457
1 605001
1 836194
1 110481
1 2073
1 323578
1 923369
1 231126
1 828197
1 672120
1 942901
1 32353
1 758201
1 534195
1 407257
1 652143
1 991873
1 242784
1 459159
1 509009
1 389709
1 477794
1 626561
1 567271
1 940877
1 418263
1 242109
1 24491
1 851405
1 677858
1 754177
1 386058
1 263994
1 23356
1 520861
1 460089
1 10642
1 671613
1 673766
1 37473
1 401685
1 799252
1 68287
1 568069
1 986851
1 940419
1 531217
1 280381
1 503041
1 182113
1 530769
1 374008
1 590662
1 637567
1 229970
1 931916
1 121209
1 48690
1 144721
1 14291
1 954801
1 842376
1 279783
1 656906
1 107391
1 727297
1 162656
1 120029
1 230354
1 315576
1 607248
1 126097
1 738289
1 143714
1 410373
1 8429
1 299973
1 339032
1 731906
1 650257
1 787151
1 434417
1 149356
1 57465
1 391121
1 415637
1 675061
1 681425
1 528411
1 737043
1 223301
1 80177
1 786241
1 661121
1 10467
1 460673
1 998765
1 530373
1 254822
1 366220
1 309911
1 482783
1 936511
1 914146
1 676639
1 785457
1 212385
1 606585
1 565703
1 460293
1 838626
1 108076
1 55781
1 898793
1 291201
1 33737
1 548813
1 695899
1 729456
1 871809
1 894345
1 596545
1 678501
1 806065
1 640657
1 28817
1 161886
1 567400
1 94365
1 359493
1 794193
1 189547
1 202991
1 383813
1 256881
1 915229
1 133747
1 570059
1 206651
1 327485
1 686153
1 122397
1 941592
1 925071
1 4313
1 689236
1 328905
1 19045
1 680010
1 866001
1 238801
1 358418
1 286423
1 38825
1 130590
1 620411
1 495811
1 676885
1 284831
1 819366
1 820977
1 420261
1 609201
1 937408
1 117558
1 770817
1 311827
1 460181
1 605911
1 432841
1 138693
1 891690
1 304985
1 689951
1 245165
1 339951
1 415181
1 412033
1 67521
1 465861
1 763418
1 870948
1 58005
1 237233
1 666473
1 946510
1 365566
1 981921
1 24209
1 667764
1 947209
1 846571
1 627289
1 732536
1 409801
1 653099
1 113693
1 106241
1 294913
1 386833
1 621669
1 936832
1 505261
1 34563
1 863011
1 454511
1 569943
1 587043
1 683058
1 933113
1 504121
1 559572
1 251233
1 51265
1 197619
1 635876
1 269461
1 496774
1 775404
1 668078
1 674641
1 210989
1 419235
1 174231
1 131367
1 411053
1 582626
1 978121
1 781801
1 559947
1 134003
1 862297
1 914289
1 827830
1 402977
1 123408
1 943881
1 871621
1 466131
1 444349
1 191279
1 627381
1 574603
1 683586
1 139393
1 631297
1 725193
1 288873
1 729641
1 694677
1 87253
1 724417
1 686241
1 987987
1 730779
1 286281
1 801176
1 35841
1 764890
1 257301
1 117775
1 32426
1 251301
1 643849
1 40531
1 391765
1 451141
1 33077
1 242401
1 862721
1 188286
1 783570
1 466941
1 645576
1 793491
1 664633
1 148203
1 707191
1 518761
1 826161
1 902271
1 558272
1 198351
1 371277
1 634397
1 837581
1 133511
1 94073
1 62281
1 129713
1 415981
1 641567
1 160367
1 412443
1 947861
1 751413
1 113286
1 603682
1 443121
1 955649
1 884741
1 468381
1 365009
1 957249
1 947739
1 76639
1 577280
1 563674
1 110817
1 230018
1 323986
1 221861
1 595812
1 62279
1 55626
1 658897
1 241761
1 165629
1 649144
1 468845
1 463025
1 369946
1 354772
1 198369
1 974836
1 37596
1 182293
1 142341
1 651804
1 713479
1 685291
1 181405
1 197616
1 494997
1 641761
1 395871
1 375685
1 270999
1 430233
1 826293
1 770111
1 202826
1 244537
1 593601
1 820876
1 350205
1 331082
1 568100
1 16038
1 666519
1 244726
1 904412
1 189258
1 781043
1 691446
1 821877
1 833001
1 731851
1 135436
1 19341
1 976169
1 755671
1 127078
1 908913
1 297913
1 458489
1 312665
1 95233
1 155852
1 327863
1 557306
1 870793
1 439809
1 773483
1 447779
1 156802
1 551334
1 474084
1 580329
1 529048
1 67726
1 276305
1 640589
1 823861
1 562220
1 676239
1 899781
1 395350
1 42486
1 730365
1 259636
1 500141
1 521007
1 351449
1 77201
1 922361
1 910001
1 563089
1 999393
1 512301
1 349265
1 253836
1 321021
1 882971
1 227516
1 40435
1 395005
1 208826
1 835483
1 158105
1 611721
1 224257
1 473695
1 19809
1 688081
1 756289
1 965881
1 573699
1 454801
1 576001
1 286921
1 375409
1 647003
1 530345
1 371273
1 405133
1 196929
1 508530
1 916041
1 470199
1 26824
1 945157
1 73621
1 469843
1 725842
1 690725
1 345
1 386169
1 759325
1 9377
1 399921
1 660440
1 570593
1 346001
1 465881
1 614133
1 105677
1 557824
1 554359
1 620335
1 791161
1 757331
1 548265
1 219729
1 208066
1 569625
1 989083
1 404638
1 619089
1 989019
1 288552
1 582713
1 398143
1 23800
1 289257
1 945289
1 136401
1 993963
1 395659
1 111008
1 293689
1 927
1 496396
1 610781
1 963053
1 376401
1 740576
1 522351
1 952537
1 606140
1 67761
1 669646
1 681426
1 123586
1 488369
1 980911
1 489045
1 571915
1 296657
1 414943
1 596976
1 499956
1 140917
1 768001
1 852744
1 556051
1 33169
1 632103
1 8667
1 359315
1 594069
1 762493
1 812221
1 21886
1 625421
1 498020
1 636444
1 459086
1 496476
1 797181
1 590241
1 290738
1 673647
1 100926
1 543930
1 470423
1 665348
1 800041
1 870726
1 272985
1 474581
1 993073
1 537385
1 878745
1 856201
1 299091
1 562293
1 763889
1 404753
1 458832
1 581337
1 275549
1 418422
1 319561
1 898009
1 359663
1 45819
1 198061
1 354739
1 970537
1 607719
1 714101
1 127066
1 407323
1 840612
1 848697
1 12221
1 727267
1 570801
1 605691
1 905931
1 210851
1 635185
1 70761
1 63126
1 540421
1 382252
1 635359
1 703492
1 585299
1 163814
1 781061
1 943401
1 793761
1 583317
1 625985
1 837441
1 406551
1 698496
1 58516
1 536033
1 555833
1 945275
1 574287
1 670565
1 165681
1 930826
1 899661
1 557584
1 807258
1 210509
1 380569
1 402157
1 666248
1 462015
1 362681
1 536253
1 887101
1 685144
1 459165
1 453949
1 860245
1 726798
1 779375
1 210576
1 863608
1 355672
1 829771
1 59033
1 497131
1 497620
1 171565
1 222585
1 631889
1 568901
1 889816
1 923561
1 614212
1 166299
1 746603
1 178950
1 759705
1 974007
1 365864
1 430449
1 621433
1 214986
1 867737
1 205801
1 152081
1 497234
1 647631
1 692191
1 16641
1 828447
1 472733
1 562403
1 638948
1 514957
1 411129
1 905361
1 711499
1 197902
1 717243
1 731741
1 398185
1 476341
1 406968
1 403584
1 604161
1 326035
1 500756
1 611841
1 455487
1 518737
1 34067
1 602513
1 162633
1 393090
1 265601
1 781251
1 747141
1 77081
1 863470
1 807187
1 717941
1 886581
1 944665
1 758555
1 264838
1 529415
1 116438
1 766001
1 687281
1 598137
1 134939
1 772497
1 151713
1 457417
1 107270
1 707796
1 133519
1 957702
1 544393
1 959793
1 396897
1 48833
1 772313
1 635309
1 707153
1 229549
1 570565
1 989059
1 782306
1 862281
1 22565
1 239131
1 226393
1 991835
1 508541
1 395549
1 441721
1 71385
1 62927
1 681500
1 892525
1 854201
1 955393
1 349477
1 503960
1 837171
1 453327
1 108361
1 357700
1 554150
1 73389
1 840719
1 23689
1 762501
1 632743
1 494936
1 560331
1 686011
1 956407
1 423706
1 364515
1 812256
1 580719
1 518449
1 392161
1 950859
1 980873
1 601006
1 868881
1 252501
1 445821
1 370783
1 505405
1 497348
1 899009
1 378881
1 890201
1 683417
1 964897
1 340938
1 916545
1 831756
1 231365
1 423298
1 285409
1 119805
1 925220
1 557741
1 935061
1 902724
1 563729
1 918803
1 888416
1 168241
1 89673
1 192421
1 806585
1 172409
1 710417
1 524997
1 251041
1 439764
1 236842
1 624091
1 211609
1 167981
1 496646
1 232411
1 460613
1 982401
1 178504
1 745867
1 565999
1 69886
1 969285
1 285059
1 664883
1 833921
1 171587
1 89461
1 873061
1 626891
1 570539
1 935481
1 563021
1 727409
1 162197
1 66296
1 10145
1 51821
1 492705
1 956809
1 770551
1 650023
1 937001
1 114091
1 961361
1 866945
1 332889
1 181737
1 104927
1 942603
1 584925
1 448485
1 155751
1 618733
1 872707
1 747149
1 680893
1 12609
1 345536
1 658973
1 583457
1 889191
1 501911
1 936276
1 681873
1 673576
1 104719
1 745727
1 839999
1 460725
1 546477
1 132204
1 900289
1 707941
1 329121
1 244481
1 223129
1 902029
1 196257
1 238601
1 341611
1 354591
1 64329
1 950526
1 871265
1 540306
1 437473
1 491501
1 779480
1 111425
1 508019
1 455461
1 109361
1 669849
1 378466
1 822051
1 666701
1 656704
1 539340
1 454221
1 769593
1 275751
1 206135
1 784305
1 878507
1 402590
1 76219
1 625277
1 140481
1 392565
1 663698
1 771937
1 331736
1 738366
1 803413
1 482195
1 770485
1 179089
1 8059
1 535126
1 197449
1 336231
1 500608
1 309907
1 575311
1 996525
1 745797
1 94981
1 68249
1 597386
1 256629
1 144141
1 801361
1 444331
1 99641
1 887585
1 674695
1 783311
1 648476
1 155151
1 662329
1 483401
1 55234
1 596825
1 820676
1 694694
1 135391
1 768830
1 741123
1 935079
1 268897
1 550347
1 703729
1 143501
1 195745
1 317565
1 832993
1 701197
1 409169
1 705035
1 458593
1 561967
1 247039
1 383489
1 239561
1 175025
1 199245
1 527311
1 607351
1 551633
1 209539
1 268677
1 101145
1 391748
1 771709
1 347579
1 705376
1 704551
1 428486
1 272437
1 605163
1 204721
1 175661
1 699366
1 653949
1 409679
1 37986
1 216562
1 404546
1 952904
1 854105
1 893626
1 687409
1 480075
1 568918
1 49816
1 933377
1 706334
1 850501
1 96933
1 309018
1 470403
1 255287
1 361241
1 85723
1 634661
1 425493
1 248729
1 726765
1 731169
1 182487
1 533551
1 523685
1 315093
1 824281
1 953321
1 32536
1 843669
1 218851
1 303419
1 44201
1 312329
1 623595
1 603867
1 333464
1 54009
1 779270
1 886933
1 719981
1 792385
1 503435
1 934587
1 164984
1 828417
1 989351
1 913231
1 791907
1 814693
1 194501
1 25675
1 74601
1 729143
1 588651
1 360641
1 363111
1 630
1 88114
1 851841
1 751436
1 196492
1 985001
1 900545
1 197011
1 576551
1 175073
1 87380
1 240821
1 495621
1 732017
1 310061
1 944605
1 796608
1 757737
1 403785
1 262279
1 136661
1 548457
1 981681
1 183096
1 807177
1 800195
1 7110
1 870521
1 79865
1 442729
1 420701
1 736073
1 606475
1 82193
1 829159
1 242106
1 851264
1 95827
1 165381
1 336693
1 461541
1 727700
1 152849
1 727375
1 513085
1 833591
1 158066
1 225809
1 330961
1 554499
1 596723
1 417061
1 323553
1 185226
1 957377
1 954842
1 876381
1 193843
1 890511
1 907241
1 939889
1 934536
1 159725
1 188045
1 115047
1 131687
1 290983
1 275939
1 41957
1 493787
1 325956
1 76505
1 221289
1 387969
1 153125
1 135596
1 603901
1 840931
1 454794
1 665297
1 272097
1 21993
1 712324
1 856126
1 940904
1 990867
1 394937
1 980445
1 748841
1 446283
1 959239
1 887580
1 390306
1 487916
1 715597
1 946251
1 715596
1 521451
1 270721
1 946405
1 550482
1 539174
1 917751
1 888225
1 805337
1 765505
1 367629
1 887656
1 862042
1 547596
1 44929
1 937417
1 99821
1 933468
1 152097
1 235927
1 62228
1 433245
1 815179
1 187501
1 445235
1 411969
1 69017
1 562357
1 46499
1 607502
1 187447
1 871869
1 920179
1 785446
1 477344
1 160356
1 345208
1 816663
1 597339
1 912801
1 494146
1 126880
1 244937
1 552106
1 904601
1 286251
1 246433
1 480856
1 472097
1 206356
1 27929
1 70151
1 470121
1 469409
1 828721
1 28873
1 892817
1 484946
1 134601
1 34817
1 222422
1 984831
1 213881
1 541393
1 108376
1 570397
1 953437
1 986588
1 123753
1 192730
1 85781
1 37729
1 877221
1 119309
1 285843
1 294151
1 49970
1 892080
1 580069
1 513921
1 555770
1 465905
1 733831
1 72759
1 830198
1 994909
1 684822
1 750049
1 53803
1 849199
1 796545
1 603259
1 466149
1 737987
1 71628
1 412132
1 333181
1 743196
1 942351
1 511551
1 631357
1 270275
1 824241
1 240871
1 996427
1 535866
1 179841
1 973051
1 111793
1 389419
1 473851
1 754750
1 715305
1 245287
1 412049
1 156974
1 463774
1 697301
1 61486
1 6801
1 576166
1 971380
1 780906
1 363559
1 347521
1 916865
1 965423
1 495542
1 978075
1 738961
1 62581
1 515781
1 572987
1 170176
1 395920
1 51293
1 678273
1 52496
1 619113
1 802801
1 481299
1 772385
1 492353
1 654241
1 181171
1 997203
1 761855
1 103589
1 70841
1 983027
1 19417
1 282817
1 244103
1 566855
1 916521
1 14545
1 3341
1 569526
1 581017
1 809890
1 729395
1 319371
1 379629
1 89120
1 727088
1 104183
1 98937
1 657979
1 951184
1 837569
1 136865
1 972797
1 231019
1 771515
1 260436
1 413205
1 641562
1 312801
1 232893
1 703932
1 498221
1 135451
1 924381
1 304091
1 80945
1 741707
1 433418
1 35741
1 289505
1 318947
1 788717
1 180311
1 159707
1 617881
1 784516
1 964849
1 66401
1 296769
1 894689
1 971951
1 669221
1 549963
1 58001
1 662125
1 334925
1 352233
1 164545
1 944423
1 828927
1 181065
1 808141
1 876810
1 400526
1 870586
1 736899
1 262796
1 771225
1 96385
1 168490
1 983450
1 80496
1 413433
1 902945
1 58703
1 756277
1 971482
1 219101
1 210174
1 726342
1 107796
1 463409
1 699955
1 727617
1 382200
1 184716
1 850217
1 839828
1 556918
1 993907
1 179200
1 513954
1 15601
1 700233
1 987713
1 46806
1 835621
1 809978
1 689329
1 43053
1 105177
1 303295
1 78231
1 859241
1 401241
1 558833
1 894401
1 845561
1 169901
1 763490
1 389976
1 58197
1 351891
1 454401
1 594641
1 347965
1 626731
1 316603
1 970109
1 73231
1 824127
1 566301
1 162695
1 648446
1 584933
1 542673
1 727137
1 917764
1 171070
1 54251
1 902626
1 76660
1 796061
1 886889
1 390921
1 41849
1 466221
1 427669
1 344301
1 31063
1 978709
1 59397
1 629673
1 960402
1 223268
1 14835
1 104910
1 739041
1 995122
1 367111
1 99645
1 333560
1 324177
1 127481
1 408945
1 5215
1 141847
1 975745
1 760849
1 51041
1 23351
1 946615
1 628284
1 669976
1 326631
1 509913
1 848996
1 900878
1 272403
1 214626
1 743751
1 628502
1 494687
1 945081
1 893445
1 998370
1 981401
1 856585
1 944513
1 606281
1 219111
1 781686
1 124301
1 312901
1 218401
1 1625
1 995073
1 207309
1 759165
1 396299
1 30257
1 125750
1 143907
1 626621
1 308701
1 203276
1 653777
1 575788
1 372428
1 143417
1 152545
1 496477
1 486501
1 127369
1 118751
1 674509
1 722516
1 901907
1 737275
1 693272
1 498146
1 97401
1 671031
1 471801
1 268070
1 596725
1 752135
1 741879
1 398129
1 762221
1 475265
1 36046
1 99482
1 300795
1 119230
1 701737
1 162377
1 115681
1 42720
1 933561
1 828625
1 590517
1 517013
1 910101
1 925976
1 438761
1 681129
1 283361
1 339273
1 375435
1 160849
1 625161
1 369563
1 650673
1 831121
1 447231
1 416841
1 929465
1 538625
1 690193
1 820021
1 509801
1 522131
1 286447
1 692495
1 225146
1 138910
1 687431
1 196461
1 423375
1 270624
1 967490
1 262409
1 378033
1 533499
1 909921
1 354426
1 27851
1 960921
1 781721
1 301735
1 756241
1 277061
1 962401
1 116820
1 784361
1 930011
1 52781
1 208561
1 807537
1 227958
1 600409
1 979831
1 540351
1 771672
1 608833
1 479321
1 254769
1 334694
1 794711
1 730225
1 602001
1 917309
1 389877
1 770313
1 675477
1 208257
1 326973
1 798255
1 572501
1 972931
1 465974
1 632507
1 28441
1 847241
1 521911
1 955535
1 25651
1 577029
1 497321
1 887221
1 8213
1 379283
1 3355
1 197805
1 69621
1 586351
1 928631
1 952072
1 304930
1 477021
1 218706
1 808389
1 347673
1 506345
1 974138
1 934397
1 851015
1 710981
1 155401
1 417026
1 456961
1 237825
1 607942
1 864001
1 687222
1 156965
1 502220
1 12266
1 802359
1 38651
1 823231
1 332092
1 956471
1 864289
1 291049
1 417443
1 207245
1 252175
1 708343
1 873273
1 785069
1 937213
1 474928
1 302788
1 412878
1 150680
1 62145
1 24145
1 499823
1 666425
1 285836
1 48649
1 481901
1 816553
1 920920
1 519013
1 384703
1 43485
1 909117
1 820424
1 541026
1 157807
1 577589
1 361165
1 854029
1 238196
1 28381
1 787657
1 924676
1 682905
1 2745
1 654497
1 452293
1 134857
1 470895
1 403555
1 852275
1 841
1 815788
1 711954
1 68081
1 217761
1 864281
1 767321
1 563336
1 516356
1 246081
1 486323
1 898393
1 943265
1 544713
1 168355
1 286626
1 859686
1 882857
1 641858
1 889752
1 925096
1 833004
1 612422
1 402661
1 779553
1 86201
1 943195
1 703265
1 608913
1 135287
1 170511
1 678598
1 415430
1 188891
1 487681
1 254921
1 765701
1 805614
1 287134
1 263255
1 935373
1 14761
1 201537
1 944961
1 938197
1 256171
1 244520
1 632612
1 306326
1 478153
1 771621
1 904514
1 84902
1 259761
1 518921
1 804093
1 362635
1 777071
1 413877
1 387676
1 682341
1 674723
1 466923
1 14745
1 384879
1 493483
1 429069
1 129329
1 536071
1 326534
1 889
1 851801
1 906721
1 951660
1 916257
1 233202
1 761677
1 704536
1 272427
1 229296
1 959741
1 335553
1 902991
1 210383
1 651501
1 953070
1 151451
1 150461
1 890252
1 91501
1 783865
1 595576
1 930855
1 963585
1 885949
1 998301
1 938891
1 285326
1 211271
1 759811
1 28246
1 134900
1 484186
1 732353
1 711757
1 644561
1 776879
1 92579
1 66961
1 429307
1 300721
1 236083
1 598357
1 86681
1 617467
1 4903
1 613821
1 829873
1 111284
1 455009
1 84481
1 146565
1 687206
1 81693
1 494066
1 693026
1 334275
1 565701
1 150721
1 89799
1 252921
1 843185
1 238951
1 434497
1 747239
1 762454
1 686001
1 853001
1 174669
1 780576
1 945421
1 379989
1 406342
1 968080
1 351171
1 160901
1 354241
1 684845
1 419197
1 967924
1 266773
1 171725
1 340162
1 770608
1 599801
1 262853
1 214461
1 109921
1 325337
1 724941
1 685364
1 199545
1 340491
1 989261
1 890716
1 646945
1 615750
1 361621
1 122523
1 35895
1 449419
1 442877
1 630483
1 751809
1 185057
1 331319
1 767189
1 434777
1 398996
1 47761
1 400551
1 844698
1 623400
1 157781
1 482019
1 102001
1 566649
1 478715
1 92531
1 32581
1 639376
1 688373
1 281243
1 710507
1 385551
1 443911
1 495981
1 808666
1 245781
1 132577
1 222001
1 620899
1 79423
1 431633
1 327623
1 493427
1 386879
1 721505
1 225948
1 34424
1 152943
1 39357
1 546886
1 60171
1 960041
1 311791
1 655809
1 735696
1 220648
1 272919
1 141953
1 889921
1 567656
1 459923
1 824489
1 336901
1 339509
1 1860
1 163981
1 200977
1 834877
1 990800
1 895001
1 202065
1 807334
1 875437
1 852845
1 862498
1 267371
1 598532
1 168665
1 49475
1 444877
1 110737
1 23721
1 230611
1 74156
1 215866
1 725137
1 908819
1 930331
1 799096
1 440203
1 451441
1 332294
1 876766
1 37381
1 990141
1 458025
1 345951
1 513341
1 627437
1 506297
1 90191
1 90941
1 58642
1 333929
1 405321
1 948727
1 515481
1 651831
1 930915
1 691436
1 546
1 363561
1 317969
1 952773
1 362931
1 346838
1 827988
1 152421
1 525325
1 949081
1 802452
1 575105
1 489429
1 227401
1 489611
1 456976
1 611690
1 532948
1 548869
1 635675
1 735566
1 421401
1 691301
1 662874
1 109866
1 87057
1 410673
1 237855
1 450101
1 578301
1 54483
1 871241
1 825633
1 763101
1 649557
1 13850
1 633343
1 92604
1 827127
1 397571
1 10271
1 251207
1 424551
1 558135
1 802047
1 656625
1 784990
1 985561
1 170341
1 359181
1 196670
1 951573
1 191006
1 449089
1 658029
1 818448
1 499302
1 670753
1 346346
1 190487
1 743998
1 599655
1 994105
1 385465
1 542121
1 599889
1 278556
1 619162
1 39836
1 163961
1 2976
1 568456
1 963847
1 62871
1 583841
1 589391
1 470037
1 982013
1 730351
1 768129
1 401504
1 529990
1 573745
1 751025
1 385152
1 486928
1 989651
1 944041
1 289361
1 561633
1 876699
1 500913
1 583681
1 856556
1 850881
1 617761
1 559401
1 272076
1 321241
1 134043
1 212913
1 90060
1 729091
1 742817
1 919121
1 544664
1 454647
1 672361
1 749945
1 782941
1 671621
1 674967
1 553009
1 545005
1 579851
1 214069
1 985611
1 856253
1 719436
1 804875
1 958666
1 18036
1 881119
1 789229
1 901681
1 515938
1 498209
1 100113
1 77526
1 960643
1 549473
1 132513
1 250701
1 607295
1 388994
1 205995
1 703534
1 695726
1 113130
1 689004
1 501729
1 561249
1 625921
1 709696
1 466673
1 82789
1 777
1 549357
1 597393
1 2302
1 288923
1 434009
1 272479
1 791361
1 971615
1 849481
1 64990
1 390817
1 843713
1 742921
1 854085
1 342141
1 949617
1 469045
1 646315
1 822261
1 684644
1 537351
1 556353
1 187731
1 737661
1 599949
1 634831
1 481994
1 560776
1 140913
1 235111
1 321405
1 241123
1 149586
1 49451
1 252561
1 334347
1 552481
1 316332
1 351365
1 637509
1 515316
1 957928
1 95553
1 306606
1 670844
1 224038
1 74616
1 315241
1 187762
1 717969
1 694752
1 871081
1 196397
1 651882
1 802715
1 276076
1 267321
1 813761
1 916842
1 712851
1 3235
1 231789
1 803531
1 152841
1 424825
1 985941
1 852007
1 26883
1 107585
1 298757
1 916269
1 874269
1 750641
1 880801
1 846493
1 950639
1 55136
1 836391
1 69873
1 359341
1 513431
1 722327
1 590301
1 615537
1 706314
1 171827
1 453025
1 952865
1 643268
1 277185
1 63207
1 157154
1 965186
1 657441
1 599260
1 327016
1 356313
1 856701
1 452245
1 239613
1 492239
1 977596
1 218073
1 790781
1 454415
1 757343
1 270592
1 254875
1 343210
1 923615
1 192273
1 523633
1 674139
1 350229
1 451291
1 935549
1 531674
1 724113
1 416641
1 398992
1 765924
1 908048
1 816875
1 641181
1 122663
1 830992
1 31472
1 916241
1 982374
1 993597
1 343199
1 375101
1 225004
1 30088
1 328541
1 50493
1 761591
1 138321
1 677807
1 245757
1 765913
1 99954
1 952165
1 823544
1 509325
1 294391
1 318850
1 1336
1 255132
1 774281
1 932611
1 399127
1 676118
1 239524
1 77547
1 357839
1 438233
1 109149
1 70944
1 853940
1 475021
1 38682
1 607131
1 28386
1 659985
1 195330
1 969482
1 81785
1 577091
1 873292
1 397329
1 173721
1 125625
1 711389
1 895601
1 972157
1 174801
1 662777
1 870131
1 259235
1 575083
1 316317
1 883556
1 665601
1 885441
1 446353
1 564721
1 902414
1 401841
1 953111
1 335519
1 184032
1 353556
1 86963
1 943609
1 519377
1 641525
1 28963
1 194243
1 756881
1 81251
1 414567
1 837561
1 849801
1 32408
1 709881
1 928901
1 378253
1 842756
1 670729
1 600616
1 857951
1 564181
1 559861
1 548251
1 533770
1 155563
1 111743
1 186813
1 648672
1 306307
1 741929
1 506528
1 465592
1 694377
1 25793
1 327665
1 287923
1 177601
1 265521
1 637264
1 262441
1 628073
1 759083
1 963101
1 737425
1 685171
1 10581
1 865050
1 655941
1 87119
1 414981
1 228971
1 660465
1 55142
1 541828
1 816577
1 759901
1 952955
1 474511
1 603219
1 888902
1 813681
1 715581
1 192457
1 820169
1 42061
1 251631
1 273603
1 377891
1 817654
1 472001
1 131605
1 532501
1 7386
1 494689
1 947218
1 630837
1 858465
1 383701
1 938093
1 921566
1 808483
1 816621
1 261893
1 38353
1 888353
1 912349
1 844229
1 507553
1 58081
1 412157
1 133737
1 456897
1 205108
1 780239
1 170291
1 296401
1 325687
1 707901
1 422721
1 499473
1 464151
1 101717
1 741697
1 424827
1 726858
1 384025
1 623313
1 264577
1 915381
1 389585
1 334034
1 225381
1 354913
1 15103
1 280001
1 52213
1 590927
1 961821
1 539753
1 886681
1 580441
1 237766
1 739711
1 153242
1 262989
1 32725
1 993401
1 771874
1 182483
1 757118
1 819119
1 834195
1 449521
1 771893
1 866781
1 514893
1 662925
1 420613
1 798729
1 611877
1 235309
1 16251
1 442254
1 106860
1 70753
1 144815
1 758113
1 42457
1 631091
1 927811
1 365668
1 544908
1 402955
1 946993
1 889296
1 902161
1 402177
1 999065
1 554721
1 77555
1 559893
1 617533
1 169345
1 175346
1 827553
1 789315
1 129937
1 490203
1 594539
1 923941
1 283547
1 37094
1 152083
1 185317
1 993693
1 354861
1 541693
1 449451
1 932922
1 539476
1 406073
1 835091
1 515576
1 963405
1 116729
1 725749
1 668033
1 76121
1 708179
1 677421
1 3966
1 641828
1 224289
1 273306
1 370145
1 261215
1 230727
1 907055
1 643737
1 645501
1 189265
1 276001
1 519527
1 45601
1 8305
1 325501
1 125223
1 17117
1 785102
1 415317
1 352674
1 98541
1 543533
1 185093
1 197401
1 550865
1 747315
1 250031
1 359761
1 159942
1 518671
1 197161
1 366001
1 904686
1 832093
1 622843
1 678377
1 229793
1 825105
1 394999
1 6738
1 279987
1 50960
1 230729
1 314737
1 618881
1 357603
1 332196
1 667009
1 324453
1 261251
1 268491
1 506445
1 692401
1 830777
1 761173
1 964257
1 983517
1 13302
1 688116
1 721596
1 828843
1 481148
1 233233
1 413876
1 820931
1 186255
1 559219
1 900675
1 85380
1 102657
1 472381
1 549531
1 785137
1 23468
1 251974
1 820644
1 357933
1 494279
1 98192
1 414183
1 17755
1 779681
1 668246
1 479500
1 433831
1 43781
1 131985
1 284265
1 811821
1 388341
1 331341
1 711376
1 678741
1 594305
1 538657
1 356314
1 791973
1 164409
1 139348
1 648813
1 464783
1 357141
1 831005
1 326772
1 35115
1 737722
1 819909
1 983921
1 2649
1 684702
1 978183
1 53388
1 692146
1 810241
1 128766
1 288561
1 797475
1 945139
1 776734
1 184570
1 122506
1 418095
1 264354
1 172621
1 996181
1 795659
1 92691
1 942013
1 532883
1 399481
1 693943
1 304101
1 489284
1 209529
1 81657
1 116101
1 651187
1 970896
1 480611
1 771657
1 600761
1 509551
1 548673
1 394161
1 463291
1 382765
1 787209
1 378561
1 936927
1 336767
1 73457
1 803097
1 958649
1 169976
1 384881
1 753043
1 426465
1 362321
1 723791
1 11722
1 909375
1 7230
1 641086
1 496156
1 126600
1 252537
1 282693
1 489321
1 682359
1 128130
1 324557
1 494984
1 904071
1 356598
1 657609
1 431057
1 78026
1 35962
1 335386
1 957193
1 856705
1 895521
1 347281
1 750633
1 782779
1 691417
1 913249
1 424458
1 893347
1 464391
1 736321
1 97729
1 74656
1 477093
1 74501
1 552301
1 216075
1 318461
1 601533
1 77875
1 23677
1 652051
1 714859
1 542157
1 383337
1 280216
1 815990
1 862757
1 68298
1 224865
1 270729
1 560659
1 80141
1 701985
1 867801
1 132633
1 6497
1 251976
1 112967
1 113503
1 3473
1 576593
1 722471
1 537025
1 87051
1 103161
1 153820
1 571367
1 146085
1 148785
1 626385
1 86389
1 101089
1 709429
1 171976
1 852061
1 50501
1 975252
1 255823
1 93876
1 383596
1 668282
1 520447
1 495989
1 354171
1 551257
1 797201
1 743774
1 223509
1 536805
1 426697
1 295097
1 5663
1 660273
1 388894
1 7051
1 349417
1 922722
1 123861
1 198226
1 970409
1 785829
1 852189
1 773573
1 702621
1 854913
1 646461
1 176137
1 496929
1 954670
1 915877
1 951301
1 928251
1 567231
1 569601
1 811831
1 328704
1 455305
1 56709
1 968753
1 993325
1 246941
1 403039
1 510771
1 521897
1 45481
1 541483
1 597785
1 559391
1 743072
1 907103
1 542999
1 240813
1 818626
1 125182
1 272126
1 399097
1 980657
1 866511
1 507561
1 854281
1 317581
1 16026
1 582183
1 139921
1 494407
1 669527
1 773462
1 837396
1 792120
1 279116
1 968525
1 645841
1 991267
1 378216
1 694737
1 844099
1 310757
1 667129
1 129729
1 229761
1 548089
1 251369
1 199349
1 918481
1 760625
1 139901
1 782849
1 246929
1 680399
1 462497
1 163071
1 403441
1 656973
1 883580
1 187235
1 739333
1 398687
1 853181
1 793929
1 245951
1 251265
1 141639
1 490888
1 418081
1 740611
1 454206
1 41486
1 244889
1 176329
1 721241
1 219201
1 382295
1 151745
1 676145
1 533374
1 437700
1 995616
1 285528
1 698500
1 131551
1 236177
1 914653
1 224151
1 250597
1 558689
1 164007
1 663009
1 430177
1 133481
1 340451
1 635349
1 698889
1 106277
1 38753
1 996783
1 191877
1 254161
1 263246
1 491473
1 35855
1 723501
1 663249
1 771557
1 745295
1 181422
1 975761
1 385313
1 280429
1 362261
1 975179
1 510501
1 262359
1 794009
1 236953
1 847923
1 984211
1 880401
1 98216
1 983179
1 15707
1 784289
1 993392
1 531593
1 891959
1 113376
1 51722
1 951771
1 770337
1 477105
1 647561
1 85521
1 599225
1 216321
1 459557
1 431861
1 803019
1 246982
1 939301
1 684006
1 954833
1 838771
1 547153
1 725729
1 491265
1 479438
1 748145
1 146229
1 344929
1 695774
1 602800
1 132626
1 571849
1 114977
1 511619
1 282375
1 964899
1 749222
1 986608
1 973281
1 826399
1 380007
1 124745
1 92233
1 75352
1 167893
1 315015
1 776441
1 525241
1 532205
1 197245
1 707445
1 6521
1 884607
1 361361
1 866836
1 194009
1 653903
1 415101
1 551809
1 81461
1 15781
1 775632
1 735481
1 913101
1 908481
1 674721
1 551125
1 204856
1 890897
1 553993
1 300417
1 413889
1 533441
1 434977
1 686025
1 552605
1 968067
1 177065
1 474124
1 790521
1 814153
1 492521
1 926215
1 463225
1 415021
1 984494
1 660461
1 382367
1 757821
1 703519
1 694175
1 954755
1 853391
1 552681
1 711576
1 995817
1 838029
1 306817
1 825419
1 27012
1 950671
1 814009
1 847213
1 752209
1 735616
1 516713
1 11521
1 843425
1 414332
1 720363
1 776755
1 313051
1 912740
1 386471
1 872897
1 990301
1 679501
1 7506
1 602471
1 737481
1 258257
1 754607
1 388867
1 798001
1 1718
1 397991
1 670640
1 734221
1 104257
1 13662
1 187123
1 903123
1 204491
1 614076
1 773121
1 128084
1 894897
1 192521
1 111614
1 112249
1 831367
1 383567
1 257170
1 900811
1 661561
1 555321
1 565466
1 191251
1 897279
1 563001
1 163460
1 135201
1 901749
1 705320
1 202080
1 558201
1 241717
1 596627
1 617441
1 71841
1 281527
1 538886
1 123977
1 76921
1 42876
1 364073
1 180105
1 388433
1 901843
1 121761
1 14342
1 831894
1 293330
1 622901
1 133555
1 128078
1 918018
1 49649
1 654229
1 762457
1 96137
1 283255
1 205653
1 69063
1 184380
1 377887
1 494501
1 542501
1 262201
1 970385
1 405339
1 317501
1 453531
1 505091
1 400273
1 993375
1 281791
1 948751
1 135851
1 657717
1 711233
1 203901
1 74633
1 398321
1 408451
1 174926
1 157291
1 37085
1 219476
1 614589
1 770531
1 670261
1 350529
1 542873
1 622601
1 856235
1 651145
1 359377
1 477925
1 120663
1 260057
1 69973
1 345796
1 772363
1 160054
1 274563
1 413095
1 151802
1 697484
1 273629
1 740317
1 527951
1 322315
1 933300
1 872353
1 295238
1 251201
1 639033
1 311951
1 694829
1 911409
1 873221
1 445946
1 343161
1 359962
1 318353
1 643381
1 222721
1 61594
1 446705
1 433563
1 542751
1 700931
1 918261
1 155909
1 929864
1 455671
1 37265
1 427303
1 517841
1 422625
1 329186
1 788699
1 729649
1 90811
1 375201
1 431829
1 243447
1 613896
1 61889
1 808341
1 932176
1 754725
1 27713
1 113450
1 180969
1 875426
1 390907
1 885706
1 688686
1 762708
1 844653
1 975873
1 808385
1 499612
1 26772
1 34669
1 858639
1 653781
1 955917
1 105667
1 412897
1 438461
1 866137
1 595271
1 717677
1 650247
1 111649
1 632253
1 248609
1 637849
1 482104
1 196171
1 63641
1 102143
1 390507
1 57853
1 210371
1 686805
1 161146
1 186506
1 496297
1 584443
1 496881
1 161641
1 301769
1 397041
1 730507
1 38146
1 821769
1 687411
1 437029
1 381793
1 228689
1 641376
1 909551
1 440193
1 188736
1 341707
1 30841
1 702249
1 524281
1 436685
1 221741
1 695169
1 912297
1 398707
1 532676
1 374751
1 525321
1 31726
1 331032
1 302803
1 572401
1 270495
1 471825
1 229717
1 204287
1 628774
1 16044
1 974164
1 7449
1 666087
1 931569
1 541151
1 103157
1 246401
1 818681
1 248843
1 966460
1 464163
1 541880
1 280225
1 435439
1 484441
1 815191
1 589015
1 376365
1 109175
1 344283
1 829761
1 52341
1 302201
1 712258
1 587591
1 563585
1 389665
1 226841
1 293729
1 142001
1 961345
1 973855
1 119163
1 270653
1 296261
1 125599
1 602307
1 153229
1 128849
1 914481
1 84105
1 172145
1 210501
1 694063
1 705181
1 760029
1 295944
1 721493
1 850933
1 651098
1 986021
1 902281
1 570705
1 636321
1 143437
1 300785
1 694625
1 311203
1 653901
1 932401
1 482336
1 596209
1 588273
1 929280
1 748909
1 133684
1 296608
1 954565
1 789856
1 176251
1 35109
1 129733
1 523791
1 758613
1 479149
1 895782
1 465800
1 763708
1 751183
1 647429
1 710043
1 314961
1 468061
1 141736
1 27109
1 601712
1 242101
1 176326
1 908689
1 771327
1 289849
1 743886
1 107049
1 807921
1 832136
1 470321
1 441317
1 324239
1 192197
1 758585
1 263837
1 34087
1 496067
1 878485
1 103733
1 315372
1 923793
1 859849
1 122561
1 828572
1 994580
1 385251
1 174465
1 954576
1 529831
1 593474
1 846798
1 830841
1 136951
1 223089
1 639484
1 882946
1 597391
1 380431
1 569914
1 727779
1 409197
1 480493
1 157809
1 872309
1 496407
1 951357
1 105993
1 392415
1 575161
1 480305
1 416325
1 731615
1 963442
1 762761
1 521917
1 215087
1 202077
1 549132
1 68556
1 702661
1 608252
1 797101
1 460473
1 684217
1 521325
1 684566
1 662273
1 853891
1 312053
1 244961
1 774681
1 493398
1 885121
1 586147
1 722751
1 330321
1 43340
1 985751
1 362944
1 910748
1 820501
1 866503
1 17521
1 398436
1 684281
1 272981
1 982001
1 112358
1 275839
1 418188
1 804389
1 420289
1 421191
1 948331
1 268681
1 233784
1 352252
1 222930
1 654353
1 723242
1 836285
1 466271
1 730203
1 4185
1 138376
1 600001
1 478731
1 422661
1 331961
1 96311
1 10097
1 221984
1 49363
1 584552
1 258845
1 975201
1 942801
1 211567
1 525253
1 555475
1 610757
1 715402
1 637601
1 813145
1 860911
1 924173
1 138298
1 915230
1 274251
1 331218
1 994139
1 992198
1 600711
1 804060
1 576971
1 878680
1 376432
1 341203
1 748440
1 496564
1 31061
1 88924
1 822329
1 309091
1 478679
1 377061
1 547411
1 606108
1 91981
1 558495
1 547930
1 408525
1 397497
1 170324
1 905601
1 70161
1 735109
1 20546
1 774853
1 519596
1 864876
1 210881
1 563779
1 269620
1 491438
1 53829
1 17475
1 25454
1 765658
1 40065
1 73336
1 255289
1 234816
1 120113
1 215886
1 419356
1 296945
1 416901
1 611470
1 687301
1 875251
1 166259
1 815146
1 539009
1 192321
1 236921
1 231465
1 830456
1 281537
1 333516
1 175891
1 973569
1 794457
1 600841
1 497129
1 107631
1 337315
1 198485
1 162557
1 993748
1 620873
1 787866
1 662126
1 375150
1 530969
1 472951
1 531011
1 791660
1 765417
1 204965
1 661471
1 849045
1 947130
1 961145
1 447585
1 333593
1 388229
1 912642
1 827855
1 441534
1 458677
1 650470
1 970365
1 761987
1 535956
1 298233
1 568929
1 497694
1 21685
1 937402
1 249481
1 943617
1 59729
1 122777
1 897057
1 737199
1 744259
1 648001
1 508249
1 231166
1 596649
1 917304
1 616241
1 968083
1 277225
1 5319
1 822161
1 391732
1 698561
1 298769
1 312533
1 610974
1 832981
1 602057
1 130529
1 867614
1 141287
1 74689
1 253921
1 261551
1 666341
1 183401
1 201296
1 969541
1 293326
1 280261
1 214531
1 953201
1 722379
1 234641
1 93377
1 285485
1 907969
1 552226
1 865375
1 123413
1 373121
1 397981
1 521585
1 175366
1 636756
1 681673
1 131308
1 951271
1 441311
1 705505
1 954607
1 595529
1 899536
1 475237
1 918140
1 192331
1 117429
1 210945
1 302390
1 865501
1 256363
1 470873
1 511872
1 665004
1 396641
1 37504
1 448287
1 642547
1 458573
1 814361
1 727906
1 574971
1 844004
1 891497
1 9369
1 565835
1 926825
1 836932
1 687081
1 944038
1 995851
1 578161
1 560121
1 560534
1 831421
1 299161
1 243962
1 843914
1 153661
1 99769
1 11257
1 551649
1 836393
1 757041
1 189121
1 992777
1 654579
1 817940
1 904841
1 797265
1 152193
1 43186
1 346209
1 474871
1 470053
1 860463
1 835066
1 693529
1 256677
1 136133
1 242637
1 624465
1 867785
1 689622
1 578711
1 290651
1 445401
1 64198
1 670919
1 419181
1 34485
1 899181
1 39264
1 360997
1 792273
1 91433
1 330601
1 425460
1 976309
1 949225
1 916683
1 696637
1 547762
1 509076
1 861430
1 307111
1 592673
1 730649
1 788273
1 904441
1 582927
1 885929
1 29329
1 541727
1 638538
1 742597
1 725156
1 257897
1 268201
1 450011
1 278787
1 369791
1 355922
1 990305
1 570137
1 857398
1 729767
1 285505
1 742977
1 743914
1 612321
1 10201
1 602857
1 178209
1 3350
1 844923
1 880536
1 120858
1 721659
1 326918
1 827393
1 593287
1 230358
1 335029
1 719534
1 431671
1 867531
1 372826
1 484077
1 851501
1 24741
1 785695
1 680653
1 747701
1 140297
1 30777
1 9923
1 98222
1 60331
1 34807
1 973195
1 969871
1 379746
1 278039
1 249233
1 202513
1 880241
1 596314
1 236865
1 728050
1 86711
1 46045
1 851829
1 421456
1 440825
1 923613
1 773046
1 509125
1 29861
1 593621
1 937822
1 826642
1 589769
1 736270
1 961613
1 753327
1 233801
1 87649
1 183425
1 937841
1 299545
1 876125
1 919195
1 667921
1 889137
1 564403
1 676671
1 894270
1 661701
1 949809
1 784401
1 820001
1 980553
1 352316
1 731602
1 193233
1 325233
1 58912
1 254684
1 759185
1 37064
1 36001
1 58611
1 431194
1 979247
1 587987
1 88907
1 69251
1 27465
1 788875
1 253144
1 202972
1 919998
1 259874
1 292803
1 241694
1 310961
1 43920
1 16751
1 40511
1 517545
1 175451
1 386571
1 757376
1 746350
1 497361
1 213297
1 703805
1 496551
1 90532
1 441141
1 679981
1 466966
1 60031
1 907803
1 1805
1 875371
1 71409
1 32311
1 883509
1 722341
1 363125
1 49989
1 962539
1 333229
1 804687
1 155410
1 372099
1 686031
1 414429
1 751753
1 670007
1 722441
1 877392
1 139926
1 934711
1 501488
1 815063
1 245536
1 908771
1 433627
1 874119
1 668284
1 980489
1 789030
1 687040
1 47037
1 332273
1 755233
1 552096
1 995839
1 191504
1 905473
1 901313
1 109819
1 384148
1 867053
1 166626
1 111511
1 211599
1 430840
1 912289
1 910905
1 762061
1 884106
1 31489
1 870611
1 749621
1 303809
1 112273
1 941149
1 114732
1 427394
1 608923
1 251393
1 91261
1 667149
1 764517
1 452349
1 249647
1 164493
1 960266
1 498747
1 331451
1 370771
1 155821
1 561556
1 94501
1 110833
1 745473
1 730770
1 134909
1 695749
1 957545
1 560881
1 143761
1 109889
1 417801
1 285663
1 346308
1 632761
1 297390
1 676817
1 85435
1 721653
1 700316
1 965810
1 852193
1 350095
1 613741
1 879217
1 242681
1 57437
1 438429
1 17197
1 796753
1 360906
1 220943
1 40787
1 945866
1 72713
1 337925
1 284746
1 5959
1 685793
1 683007
1 601320
1 629376
1 415848
1 178604
1 427791
1 135655
1 498247
1 35961
1 274577
1 751937
1 521615
1 704440
1 403909
1 858855
1 648809
1 418449
1 250419
1 773601
1 665981
1 705457
1 155607
1 160395
1 763849
1 539032
1 184401
1 179501
1 923049
1 636766
1 41977
1 426333
1 128579
1 130145
1 480369
1 564581
1 999097
1 35476
1 955253
1 767465
1 882089
1 454869
1 394076
1 516307
1 510853
1 966366
1 422849
1 311037
1 505053
1 757979
1 115809
1 773304
1 424193
1 683851
1 954793
1 176393
1 116485
1 201670
1 16705
1 657385
1 437290
1 790445
1 975662
1 747813
1 615366
1 661
1 880029
1 151499
1 978155
1 682141
1 602361
1 545233
1 309128
1 605181
1 493685
1 192453
1 43409
1 77569
1 525433
1 541593
1 598396
1 180351
1 829135
1 313937
1 969766
1 154331
1 177073
1 417938
1 65045
1 562881
1 720286
1 897046
1 15251
1 139110
1 386406
1 901737
1 759797
1 122505
1 915297
1 705851
1 479165
1 68493
1 979466
1 43051
1 264081
1 484131
1 970613
1 391777
1 764396
1 794247
1 156364
1 236049
1 454441
1 547326
1 54300
1 498726
1 936662
1 436761
1 249937
1 281131
1 888495
1 46612
1 483281
1 363494
1 494525
1 217956
1 987001
1 802401
1 155441
1 643041
1 840929
1 54585
1 641199
1 83441
1 317689
1 485932
1 923231
1 530679
1 770221
1 259733
1 954513
1 999501
1 665927
1 290480
1 241301
1 679929
1 242821
1 873201
1 88001
1 880815
1 565593
1 349783
1 394541
1 496571
1 56280
1 658593
1 916681
1 374461
1 53465
1 784781
1 354605
1 500037
1 991733
1 60673
1 817519
1 728116
1 591278
1 863061
1 662721
1 597194
1 322181
1 629926
1 314625
1 218737
1 499909
1 500656
1 39556
1 719148
1 52583
1 500977
1 226284
1 263557
1 689401
1 361370
1 715451
1 832721
1 847951
1 96273
1 84765
1 745497
1 988136
1 245210
1 262771
1 986446
1 123406
1 91793
1 271015
1 126113
1 375284
1 904704
1 778876
1 967133
1 168449
1 866481
1 826702
1 670378
1 14062
1 106453
1 103371
1 243243
1 161826
1 425985
1 124612
1 524425
1 624893
1 770754
1 59037
1 124210
1 378625
1 965947
1 280162
1 981281
1 692523
1 788557
1 495089
1 250921
1 141673
1 997071
1 399161
1 205459
1 25457
1 716193
1 54671
1 921067
1 518200
1 127761
1 382669
1 625176
1 595221
1 234785
1 465281
1 991004
1 384629
1 815858
1 328305
1 917347
1 911711
1 562095
1 279893
1 185906
1 79519
1 141615
1 983601
1 135031
1 92161
1 884852
1 516297
1 748965
1 585667
1 702730
1 931246
1 822489
1 825121
1 255455
1 236449
1 93491
1 458939
1 255127
1 185575
1 500041
1 411208
1 483405
1 582199
1 748431
1 225766
1 37281
1 145733
1 921041
1 962566
1 380689
1 764833
1 92981
1 622969
1 394941
1 101809
1 200927
1 449401
1 905677
1 270697
1 293831
1 68289
1 240537
1 806631
1 999157
1 287661
1 560901
1 876141
1 241916
1 76888
1 126765
1 765130
1 584395
1 786525
1 628597
1 200577
1 183581
1 38299
1 842301
1 665240
1 618313
1 798310
1 638337
1 101333
1 229273
1 767657
1 294691
1 102006
1 627376
1 43601
1 432761
1 823471
1 205001
1 659205
1 848001
1 833981
1 129213
1 904416
1 836997
1 445417
1 583493
1 740332
1 627160
1 182740
1 519365
1 823531
1 641891
1 188635
1 170515
1 637286
1 812441
1 193873
1 295981
1 84932
1 852145
1 538537
1 963665
1 393701
1 697310
1 948327
1 196421
1 604571
1 127965
1 133129
1 786647
1 165920
1 279945
1 562583
1 849940
1 385361
1 560347
1 250307
1 154136
1 991597
1 353213
1 429761
1 868952
1 573221
1 940964
1 388395
1 650649
1 340483
1 878372
1 67911
1 523096
1 849773
1 628959
1 863201
1 562948
1 750656
1 200819
1 443227
1 461841
1 932906
1 238025
1 688965
1 583111
1 329153
1 641681
1 37417
1 321534
1 156318
1 654257
1 735841
1 412281
1 124669
1 748065
1 11321
1 337121
1 25192
1 107284
1 378594
1 957102
1 446729
1 699939
1 419960
1 436211
1 433915
1 102868
1 629061
1 982259
1 841989
1 3936
1 926135
1 932225
1 871795
1 375217
1 506198
1 885083
1 506626
1 367153
1 95702
1 416660
1 765377
1 767231
1 875885
1 466126
1 376421
1 969362
1 115076
1 273946
1 939491
1 486933
1 613173
1 109024
1 583109
1 762921
1 37749
1 663725
1 661512
1 640581
1 867337
1 224692
1 401505
1 887581
1 356259
1 553197
1 605126
1 752549
1 868885
1 330051
1 365109
1 567196
1 120767
1 389704
1 134837
1 788263
1 86836
1 666289
1 512769
1 845971
1 442537
1 522575
1 367681
1 631249
1 977641
1 886306
1 838248
1 967439
1 403583
1 445329
1 672713
1 180049
1 128273
1 147386
1 759704
1 557725
1 950221
1 166769
1 520815
1 872369
1 956881
1 545585
1 369753
1 302241
1 188961
1 847451
1 704137
1 769253
1 479221
3 4 guksgfnejkn 0 ohdzqirpbf 1
3 3 xboc@y.com 1 01059066860 0
3 4 uvjcdckrmek 4 ayadvyiphi 1
4 3 knywtfae@f.com 4 NULL 0
1 573511
4 0 kimadabb 4 NULL 0
4 2 19410114 1 01087059777 2
4 0 limfpfcvivfz 1 01062588496 1
3 1 01097912398 1 01090416477 1
3 3 qgbvipcq@d.com 2 19591229 1
3 1 01096359096 0 leefzvhborazk 1
3 1 01008898687 4 akdjvsuacsunux 1
4 0 jangslsbowotxe 2 19720406 1
2 1 01014350046 1
3 4 otomdpcavhzh 3 iggxw@j.com 0
3 1 01040995481 3 lrzmvpplpkxjm@s.com 1
2 4 dlkneg 1
4 4 nkgflgwbao 1 01085573844 1
4 1 01022864330 2 19200602 1
1 239329
3 2 19180207 4 gkrfhtxayydc 1
1 987129
4 1 01040117843 4 wtdeqijj 1
1 333661
2 0 jungoufmf 1
4 2 19611029 4 verauwefo 1
4 0 kangjezhvtl 4 emdkts 1
4 2 19151015 4 aejhlgvfsuy 1
1 709932
1 228479
3 0 ohrlfopvhjsxlf 2 19321228 1
1 395601
4 0 junglgekezvek 4 ewshhh 1
4 2 19100617 1 01020310642 2
4 1 01006115651 2 NULL 0
2 3 tilabunhwbm@k.com 1
3 2 19990703 2 19010207 2
4 4 crjsr 0 jangkacwtrfxwm 1
4 2 19641218 4 xdskgn 1
1 942107
4 2 19230102 4 asmgkktlovlop 1
4 4 vyvrjgsz 3 otzijzolgq@q.com 1
4 1 01089376811 2 19441108 1
4 1 01070686511 4 vtlwx 1
4 3 moih@p.com 4 zcybcubtvr 1
1 439825
4 1 01070029846 4 vwwytnbcazolpw 1
2 2 19340815 2
1 548423
4 0 choqqdoizmn 4 kyvtqhngpmp 1
1 979519
3 0 kangphipqkls 3 iduacwbelwlls@j.com 1
1 143925
1 307145
4 1 01069779613 4 jdfxbgevj 1
1 202937
1 593029
1 649439
4 3 mvjhjnl@h.com 4 sxwit 1
4 2 19381203 1 01097362801 1
3 4 zmtvwnu 0 chohyvslewzusp 1
4 1 01055363343 2 19920729 1
4 4 mptvxqqrkgnkyn 3 cdbqbrfvney@i.com 1
4 3 eqoyqbztexa@v.com 0 limvkkluyretlar 1
4 4 xqqdvk 1 01047039527 1
1 902789
4 1 01057417102 4 luxvdzyco 1
4 4 xdpmpikrw 1 01008111295 1
4 4 szgvaunt 3 erbncotphgjg@z.com 1
4 1 01068981224 0 choisbqh 1
1 978251
3 2 19670201 4 sqwakigsxsze 0
4 0 limxifepx 4 oojxncnuapisfz 1
3 4 mpbnzlziecbrv 2 19490730 1
4 2 19740918 4 zdmfte 1
4 2 19981226 4 srsfyotamrt 1
2 2 19840902 1
4 4 xqofirznm 0 NULL 0
4 4 knkxb 1 01057675186 1
4 3 jhqycnqd@j.com 0 leeigobfrskv 1
3 3 ogpbircygsupl@f.com 2 19820119 0
4 2 19090506 3 smxsfktj@e.com 1
4 4 kxvdtolhpirm 3 selrxzynck@y.com 1
4 4 xjfngwhzlxpmq 0 parkkzlaq 1
4 1 01017316320 2 19610716 1
4 0 kangsfrlxgjfx 4 qldiabcyg 1
4 3 uffizfw@v.com 1 NULL 0
4 1 01035140073 3 mhmqucp@j.com 1
4 3 piesqlr@v.com 0 NULL 0
4 1 01013329510 3 soadm@x.com 1
4 1 01037773396 4 hxckxamyxldjd 1
4 1 01002408111 4 dkgvyvxnanxf 1
4 4 cranwhpgkcs 1 01031782600 1
4 4 hzhld 2 19680421 1
4 3 zrlkkilk@x.com 1 01050082405 1
4 2 19270302 0 limpwhjjzvblfb 2
4 3 wfzgave@u.com 2 19850519 1
3 2 19890130 4 ziridtonpguk 1
3 4 kperuovrkqo 3 nbqdmsgxmq@l.com 1
4 2 19350812 3 pqbtnaetwyb@m.com 1
3 4 naakdg 3 mvhzzmc@j.com 1
4 0 jangliefckj 3 mvyywemantybd@f.com 1
3 4 hwdieo 3 bbbsr@u.com 1
4 2 19980313 0 leetfiiqhylvntt 2
4 4 pfphnd 1 01079559649 1
4 4 ooadrlvutr 2 NULL 0
2 4 iwxxerytzz 1
1 830032
1 247989
4 3 xluyvsolwenk@e.com 2 19350530 1
1 955641
1 396141
3 0 kanggdilqajwmz 3 uepxjphkddocd@w.com 1
4 1 01075061626 4 vbeqdxublr 1
4 1 01020740679 0 kimajljsq 1
2 0 kimkifksqjgb 1
1 385751
3 1 01004628788 3 ocngjucex@f.com 1
3 3 zuygpxpka@q.com 4 rknxtnvbybcs 1
4 0 jungorenfxpr 4 tkjdgft 1
1 922421
3 1 01025398090 3 vftgwyho@s.com 1
1 379051
1 911869
4 2 19011104 3 qsgooh@d.com 1
1 708526
4 1 01042156502 3 rsobdbjkc@u.com 1
4 2 19480705 1 01026573316 1
1 529381
4 2 19750401 0 jangbqk 1
4 2 19720922 0 NULL 0
4 4 brglyf 0 kangpp 1
3 4 dkpknwzhaoe 2 19811007 1
4 0 jungezhomerwou 4 xpreqicajmxk 1
1 340897
4 0 cholekfgcoldl 1 01059046279 1
4 3 vpjdkzfbuzc@v.com 0 NULL 0
4 0 parkzw 1 01049234215 1
3 0 chogobizy 4 tkreappllesdfg 1
3 0 limrtenvpclie 3 ygtovhlpotj@f.com 1
4 4 auitnww 0 NULL 0
3 1 01099366595 2 19750624 1
4 3 zszzszqacx@z.com 0 kimtwrrzvv 1
4 2 19801007 3 apipvjuipi@l.com 1
1 932431
2 1 01046203007 1




Sample Input Contact Database
* Copy input data in the pop-up screen and paste it to the sample_input.txt file of the Visual Studio or Eclipse. (sample_input.txt is made automatically when you run Visual Studio or Eclipse And On eclipse has some problem when viewing long sample data, but when you click save button, full data will be saved)