5
10 100 19 4
1 2 2
2 4 3
2 5 5
1 4 4
1 3 3
4 5 4
3 4 2
5 7 4
5 6 3
4 6 3
4 8 3
3 8 5
6 7 2
6 8 3
7 10 4
6 9 3
6 10 3
8 9 3
9 10 1
2 4 7 8
10 125 19 3
1 2 9
1 3 6
1 4 13
1 5 20
2 5 10
3 4 6
3 7 17
4 5 11
4 7 6
5 6 1
5 7 15
5 8 12
6 7 11
6 8 4
6 9 17
7 9 11
8 9 5
8 10 2
9 10 1
5 9 7
20 920 47 6
1 2 12
1 3 7
1 5 9
1 7 13
2 3 7
2 4 7
3 4 11
3 5 6
3 6 4
3 9 12
4 8 6
4 9 12
4 10 12
4 12 16
5 6 6
5 7 4
6 7 9
6 9 7
7 9 12
7 11 11
7 13 16
7 15 20
8 9 6
8 12 10
9 11 6
9 12 6
9 15 12
9 16 14
10 12 6
10 14 9
10 16 14
11 15 7
12 16 7
13 15 8
13 17 7
13 20 9
14 16 6
14 18 5
15 16 4
15 17 4
16 17 6
16 18 4
16 19 5
16 20 12
17 20 5
18 19 6
19 20 8
2 5 11 12 17 19
30 115 74 8
1 2 6
1 3 11
1 4 18
1 7 9
2 7 7
3 4 6
3 5 5
3 7 18
4 5 11
4 6 6
5 6 11
5 7 13
5 8 5
5 9 7
6 9 5
6 16 15
7 8 7
7 10 12
7 11 6
7 12 7
8 9 10
8 10 5
9 10 6
9 13 7
9 14 13
9 16 14
9 17 13
10 11 6
10 14 6
11 12 4
11 14 5
12 14 6
12 15 6
12 21 12
12 22 16
12 26 20
13 14 11
13 17 4
13 18 8
13 20 11
13 25 18
14 15 5
14 18 6
14 22 15
15 22 10
16 17 5
16 19 5
16 24 10
17 19 6
17 25 14
18 20 4
18 22 11
19 23 6
19 24 4
19 25 12
20 22 7
20 25 6
20 30 14
21 22 6
21 26 6
22 26 6
22 30 10
23 24 5
23 25 6
24 25 11
24 27 6
24 28 10
25 28 7
25 30 7
26 29 6
26 30 11
27 28 4
28 30 9
29 30 4
1 7 15 17 22 23 24 28
60 1000 159 20
1 3 6
1 8 5
1 13 10
1 21 19
2 3 19
2 4 5
2 5 9
2 7 5
2 10 6
2 14 10
3 4 12
3 6 4
3 9 10
3 15 11
3 17 17
3 21 17
4 9 5
4 10 5
5 7 5
5 11 5
5 12 10
6 9 4
6 17 11
7 12 5
7 14 9
8 13 5
8 16 7
8 21 13
9 10 4
9 14 8
9 17 9
9 22 15
9 24 19
10 14 4
11 12 5
11 19 8
11 25 14
12 14 5
12 18 6
12 19 6
12 25 12
13 16 4
13 20 5
14 18 5
14 24 10
15 17 6
15 21 5
15 22 12
15 27 13
16 20 4
16 21 4
16 23 8
17 22 5
18 24 5
18 25 8
19 25 5
20 23 4
20 32 14
21 23 6
21 26 5
21 27 10
22 24 5
22 27 4
23 26 6
23 27 14
23 30 8
23 32 8
24 25 8
24 27 9
24 28 5
24 29 7
24 35 13
25 29 6
25 33 8
26 27 6
27 28 4
27 30 12
27 31 6
27 34 6
28 34 4
28 35 10
29 33 5
29 35 6
29 38 9
30 31 5
30 32 4
30 36 7
31 34 6
31 35 17
31 36 4
32 36 13
32 37 4
32 39 10
32 42 14
33 38 4
33 45 18
34 35 9
35 36 16
35 38 6
35 43 7
36 40 6
36 41 11
36 42 8
36 43 19
36 46 14
36 48 14
37 39 5
37 42 7
37 44 10
37 46 14
38 43 8
38 45 11
39 44 4
40 41 6
40 47 9
40 48 7
40 52 14
41 43 6
41 47 7
41 52 13
42 46 5
43 45 6
43 49 6
43 52 14
44 46 7
44 50 5
44 56 14
45 49 6
45 54 7
45 59 14
46 48 7
46 50 6
46 51 5
46 60 14
47 52 4
48 51 6
48 52 8
48 53 4
49 52 6
49 57 10
49 59 14
50 56 7
50 60 12
51 53 6
51 55 6
51 60 7
52 53 6
52 57 10
52 58 6
53 55 5
53 58 9
54 59 5
55 58 8
55 60 6
56 60 6
57 58 6
57 59 6
58 59 14
58 60 14
2 3 5 6 10 19 20 21 22 27 32 33 38 40 42 44 45 46 47 52

*/